"","FECHA_DEF","RESULTADO","RESULTADO_ACUM","RESULTADO7D","RESULTADO_ACUM7D"
"1","2020-03-26",1,1,0,0
"2","2020-03-29",1,2,0,0
"3","2020-03-31",1,3,0,0
"4","2020-04-02",2,5,0,0
"5","2020-04-04",1,6,0,0
"6","2020-04-05",1,7,0,0
"7","2020-04-06",2,9,0,0
"8","2020-04-07",2,11,1.57142857142857,6.28571428571429
"9","2020-04-09",1,12,1.57142857142857,7.85714285714286
"10","2020-04-10",3,15,1.85714285714286,9.71428571428571
"11","2020-04-11",2,17,2,11.7142857142857
"12","2020-04-12",1,18,1.85714285714286,13.5714285714286
"13","2020-04-13",1,19,1.85714285714286,15.4285714285714
"14","2020-04-14",3,22,2.14285714285714,17.5714285714286
"15","2020-04-15",1,23,2,19.5714285714286
"16","2020-04-16",2,25,2,21.5714285714286
"17","2020-04-17",2,27,2.14285714285714,23.7142857142857
"18","2020-04-18",4,31,2.28571428571429,26
"19","2020-04-19",2,33,2.28571428571429,28.2857142857143
"20","2020-04-20",2,35,2.42857142857143,30.7142857142857
"21","2020-04-21",9,44,3.57142857142857,34.2857142857143
"22","2020-04-22",4,48,3.71428571428571,38
"23","2020-04-23",6,54,4.42857142857143,42.4285714285714
"24","2020-04-24",5,59,4.85714285714286,47.2857142857143
"25","2020-04-25",5,64,5.28571428571429,52.5714285714286
"26","2020-04-26",9,73,6,58.5714285714286
"27","2020-04-27",6,79,6.57142857142857,65.1428571428571
"28","2020-04-28",7,86,7.28571428571429,72.4285714285714
"29","2020-04-29",5,91,6.71428571428571,79.1428571428571
"30","2020-04-30",10,101,7.57142857142857,86.7142857142857
"31","2020-05-01",7,108,7.71428571428571,94.4285714285714
"32","2020-05-02",8,116,8.14285714285714,102.571428571429
"33","2020-05-03",10,126,8.85714285714286,111.428571428571
"34","2020-05-04",12,138,9.28571428571429,120.714285714286
"35","2020-05-05",8,146,9.57142857142857,130.285714285714
"36","2020-05-06",12,158,10.2857142857143,140.571428571429
"37","2020-05-07",6,164,10.4285714285714,151
"38","2020-05-08",9,173,10.2857142857143,161.285714285714
"39","2020-05-09",12,185,11,172.285714285714
"40","2020-05-10",13,198,11.7142857142857,184
"41","2020-05-11",7,205,11.2857142857143,195.285714285714
"42","2020-05-12",7,212,10.5714285714286,205.857142857143
"43","2020-05-13",7,219,10.4285714285714,216.285714285714
"44","2020-05-14",10,229,10.1428571428571,226.428571428571
"45","2020-05-15",8,237,10.4285714285714,236.857142857143
"46","2020-05-16",11,248,10.7142857142857,247.571428571429
"47","2020-05-17",17,265,11.4285714285714,259
"48","2020-05-18",13,278,11.4285714285714,270.428571428571
"49","2020-05-19",10,288,11.8571428571429,282.285714285714
"50","2020-05-20",8,296,12,294.285714285714
"51","2020-05-21",9,305,12.2857142857143,306.571428571429
"52","2020-05-22",13,318,12.7142857142857,319.285714285714
"53","2020-05-23",13,331,13.4285714285714,332.714285714286
"54","2020-05-24",16,347,14.1428571428571,346.857142857143
"55","2020-05-25",9,356,13,359.857142857143
"56","2020-05-26",12,368,12.8571428571429,372.714285714286
"57","2020-05-27",9,377,12.7142857142857,385.428571428571
"58","2020-05-28",9,386,12.8571428571429,398.285714285714
"59","2020-05-29",9,395,12.8571428571429,411.142857142857
"60","2020-05-30",7,402,12,423.142857142857
"61","2020-05-31",12,414,11.8571428571429,435
"62","2020-06-01",11,425,11.1428571428571,446.142857142857
"63","2020-06-02",9,434,11.1428571428571,457.285714285714
"64","2020-06-03",11,445,11,468.285714285714
"65","2020-06-04",13,458,11.5714285714286,479.857142857143
"66","2020-06-05",7,465,11.2857142857143,491.142857142857
"67","2020-06-06",8,473,11.1428571428571,502.285714285714
"68","2020-06-07",9,482,11.4285714285714,513.714285714286
"69","2020-06-08",12,494,11.4285714285714,525.142857142857
"70","2020-06-09",7,501,10.8571428571429,536
"71","2020-06-10",10,511,11,547
"72","2020-06-11",10,521,10.8571428571429,557.857142857143
"73","2020-06-12",17,538,11.4285714285714,569.285714285714
"74","2020-06-13",10,548,11.8571428571429,581.142857142857
"75","2020-06-14",8,556,11.8571428571429,593
"76","2020-06-15",11,567,12.1428571428571,605.142857142857
"77","2020-06-16",5,572,11.1428571428571,616.285714285714
"78","2020-06-17",8,580,11.2857142857143,627.571428571429
"79","2020-06-18",5,585,10.5714285714286,638.142857142857
"80","2020-06-19",6,591,10,648.142857142857
"81","2020-06-20",6,597,8.42857142857143,656.571428571429
"82","2020-06-21",6,603,7.85714285714286,664.428571428571
"83","2020-06-22",5,608,7.42857142857143,671.857142857143
"84","2020-06-23",11,619,7.42857142857143,679.285714285714
"85","2020-06-24",10,629,8.14285714285714,687.428571428571
"86","2020-06-25",7,636,8,695.428571428571
"87","2020-06-26",9,645,8.57142857142857,704
"88","2020-06-27",7,652,8.71428571428571,712.714285714286
"89","2020-06-28",4,656,8.42857142857143,721.142857142857
"90","2020-06-29",5,661,8.28571428571429,729.428571428571
"91","2020-06-30",8,669,8.71428571428571,738.142857142857
"92","2020-07-01",11,680,8.71428571428571,746.857142857143
"93","2020-07-02",8,688,8.42857142857143,755.285714285714
"94","2020-07-03",5,693,8.14285714285714,763.428571428571
"95","2020-07-04",7,700,7.85714285714286,771.285714285714
"96","2020-07-05",4,704,7.42857142857143,778.714285714286
"97","2020-07-06",3,707,7.28571428571429,786
"98","2020-07-07",10,717,8,794
"99","2020-07-08",8,725,8,802
"100","2020-07-09",1,726,6.57142857142857,808.571428571429
"101","2020-07-10",1,727,5.57142857142857,814.142857142857
"102","2020-07-11",2,729,5.14285714285714,819.285714285714
"103","9999-99-99",6052,6781,868.714285714286,1688
