"","FECHA_INGRESO","RESULTADO","RESULTADO_ACUM","RESULTADO7D","RESULTADO_ACUM7D"
"1","2020-02-27",3,3,0,0
"2","2020-03-02",1,4,0,0
"3","2020-03-05",1,5,0,0
"4","2020-03-07",1,6,0,0
"5","2020-03-08",1,7,0,0
"6","2020-03-10",3,10,0,0
"7","2020-03-11",12,22,0,0
"8","2020-03-12",17,39,5.57142857142857,13.7142857142857
"9","2020-03-13",24,63,8.57142857142857,22.2857142857143
"10","2020-03-14",21,84,11.4285714285714,33.7142857142857
"11","2020-03-15",10,94,12.7142857142857,46.4285714285714
"12","2020-03-16",26,120,16.2857142857143,62.7142857142857
"13","2020-03-17",34,154,21,83.7142857142857
"14","2020-03-18",31,185,25,108.714285714286
"15","2020-03-19",39,224,28.8571428571429,137.571428571429
"16","2020-03-20",24,248,29.8571428571429,167.428571428571
"17","2020-03-21",12,260,28.1428571428571,195.571428571429
"18","2020-03-22",11,271,26.7142857142857,222.285714285714
"19","2020-03-23",25,296,28.8571428571429,251.142857142857
"20","2020-03-24",35,331,30.1428571428571,281.285714285714
"21","2020-03-25",25,356,28.8571428571429,310.142857142857
"22","2020-03-26",50,406,31.5714285714286,341.714285714286
"23","2020-03-27",39,445,31.5714285714286,373.285714285714
"24","2020-03-28",49,494,35.1428571428571,408.428571428571
"25","2020-03-29",35,529,38.4285714285714,446.857142857143
"26","2020-03-30",77,606,47.8571428571429,494.714285714286
"27","2020-03-31",51,657,51.5714285714286,546.285714285714
"28","2020-04-01",55,712,54.4285714285714,600.714285714286
"29","2020-04-02",71,783,61,661.714285714286
"30","2020-04-03",79,862,65.1428571428571,726.857142857143
"31","2020-04-04",57,919,67.7142857142857,794.571428571429
"32","2020-04-05",55,974,68.5714285714286,863.142857142857
"33","2020-04-06",117,1091,80.2857142857143,943.428571428571
"34","2020-04-07",127,1218,87.4285714285714,1030.85714285714
"35","2020-04-08",125,1343,98,1128.85714285714
"36","2020-04-09",127,1470,108.285714285714,1237.14285714286
"37","2020-04-10",147,1617,119.142857142857,1356.28571428571
"38","2020-04-11",110,1727,123.571428571429,1479.85714285714
"39","2020-04-12",114,1841,131.714285714286,1611.57142857143
"40","2020-04-13",268,2109,162.142857142857,1773.71428571429
"41","2020-04-14",247,2356,180.714285714286,1954.42857142857
"42","2020-04-15",226,2582,194.857142857143,2149.28571428571
"43","2020-04-16",250,2832,212.714285714286,2362
"44","2020-04-17",327,3159,241.285714285714,2603.28571428571
"45","2020-04-18",197,3356,248.428571428571,2851.71428571429
"46","2020-04-19",185,3541,259.142857142857,3110.85714285714
"47","2020-04-20",446,3987,306.571428571429,3417.42857142857
"48","2020-04-21",432,4419,330,3747.42857142857
"49","2020-04-22",399,4818,351.714285714286,4099.14285714286
"50","2020-04-23",344,5162,368.571428571429,4467.71428571429
"51","2020-04-24",508,5670,405.428571428571,4873.14285714286
"52","2020-04-25",247,5917,394,5267.14285714286
"53","2020-04-26",222,6139,397.571428571429,5664.71428571429
"54","2020-04-27",495,6634,441.857142857143,6106.57142857143
"55","2020-04-28",535,7169,454.571428571429,6561.14285714286
"56","2020-04-29",564,7733,473.428571428571,7034.57142857143
"57","2020-04-30",530,8263,492.142857142857,7526.71428571429
"58","2020-05-01",327,8590,489.714285714286,8016.42857142857
"59","2020-05-02",320,8910,462.857142857143,8479.28571428571
"60","2020-05-03",292,9202,469.285714285714,8948.57142857143
"61","2020-05-04",717,9919,540,9488.57142857143
"62","2020-05-05",588,10507,553.285714285714,10041.8571428571
"63","2020-05-06",681,11188,574.142857142857,10616
"64","2020-05-07",704,11892,594.142857142857,11210.1428571429
"65","2020-05-08",787,12679,630.857142857143,11841
"66","2020-05-09",391,13070,640,12481
"67","2020-05-10",354,13424,644.857142857143,13125.8571428571
"68","2020-05-11",792,14216,716.285714285714,13842.1428571429
"69","2020-05-12",797,15013,727.714285714286,14569.8571428571
"70","2020-05-13",875,15888,768.714285714286,15338.5714285714
"71","2020-05-14",786,16674,783.714285714286,16122.2857142857
"72","2020-05-15",913,17587,813.571428571429,16935.8571428571
"73","2020-05-16",584,18171,784.571428571429,17720.4285714286
"74","2020-05-17",358,18529,779.857142857143,18500.2857142857
"75","2020-05-18",1051,19580,879.428571428571,19379.7142857143
"76","2020-05-19",982,20562,906.571428571429,20286.2857142857
"77","2020-05-20",1012,21574,937.285714285714,21223.5714285714
"78","2020-05-21",934,22508,945.714285714286,22169.2857142857
"79","2020-05-22",883,23391,959.571428571429,23128.8571428571
"80","2020-05-23",458,23849,894.571428571429,24023.4285714286
"81","2020-05-24",323,24172,857.285714285714,24880.7142857143
"82","2020-05-25",1000,25172,949,25829.7142857143
"83","2020-05-26",879,26051,924.428571428571,26754.1428571429
"84","2020-05-27",949,27000,919.714285714286,27673.8571428571
"85","2020-05-28",817,27817,891.857142857143,28565.7142857143
"86","2020-05-29",896,28713,886.428571428571,29452.1428571429
"87","2020-05-30",518,29231,834.285714285714,30286.4285714286
"88","2020-05-31",389,29620,824.428571428571,31110.8571428571
"89","2020-06-01",1027,30647,925,32035.8571428571
"90","2020-06-02",887,31534,908.857142857143,32944.7142857143
"91","2020-06-03",948,32482,918.714285714286,33863.4285714286
"92","2020-06-04",899,33381,911.571428571429,34775
"93","2020-06-05",920,34301,926.285714285714,35701.2857142857
"94","2020-06-06",483,34784,867.285714285714,36568.5714285714
"95","2020-06-07",364,35148,845.285714285714,37413.8571428571
"96","2020-06-08",975,36123,929,38342.8571428571
"97","2020-06-09",970,37093,920.857142857143,39263.7142857143
"98","2020-06-10",908,38001,923.857142857143,40187.5714285714
"99","2020-06-11",838,38839,908.142857142857,41095.7142857143
"100","2020-06-12",900,39739,908.285714285714,42004
"101","2020-06-13",369,40108,829.571428571429,42833.5714285714
"102","2020-06-14",312,40420,805.142857142857,43638.7142857143
"103","2020-06-15",886,41306,879.714285714286,44518.4285714286
"104","2020-06-16",951,42257,876.285714285714,45394.7142857143
"105","2020-06-17",891,43148,865,46259.7142857143
"106","2020-06-18",870,44018,859.571428571429,47119.2857142857
"107","2020-06-19",843,44861,860.285714285714,47979.5714285714
"108","2020-06-20",386,45247,786.857142857143,48766.4285714286
"109","2020-06-21",249,45496,769.714285714286,49536.1428571429
"110","2020-06-22",790,46286,838,50374.1428571429
"111","2020-06-23",837,47123,831,51205.1428571429
"112","2020-06-24",764,47887,804.285714285714,52009.4285714286
"113","2020-06-25",781,48668,788.571428571429,52798
"114","2020-06-26",811,49479,780.142857142857,53578.1428571429
"115","2020-06-27",333,49812,707.285714285714,54285.4285714286
"116","2020-06-28",273,50085,691.142857142857,54976.5714285714
"117","2020-06-29",883,50968,781.714285714286,55758.2857142857
"118","2020-06-30",849,51817,790.142857142857,56548.4285714286
"119","2020-07-01",882,52699,796.571428571429,57345
"120","2020-07-02",796,53495,801.142857142857,58146.1428571429
"121","2020-07-03",872,54367,814.142857142857,58960.2857142857
"122","2020-07-04",299,54666,741,59701.2857142857
"123","2020-07-05",200,54866,722,60423.2857142857
"124","2020-07-06",878,55744,808.428571428571,61231.7142857143
"125","2020-07-07",812,56556,798.285714285714,62030
"126","2020-07-08",772,57328,787.285714285714,62817.2857142857
"127","2020-07-09",575,57903,743.428571428571,63560.7142857143
"128","2020-07-10",534,58437,706,64266.7142857143
"129","2020-07-11",217,58654,612.428571428571,64879.1428571429
"130","2020-07-12",95,58749,583.285714285714,65462.4285714286
"131","2020-07-13",102,58851,569.285714285714,66031.7142857143
"132","2020-07-14",4,58855,444.428571428571,66476.1428571429
