"","FECHA_INGRESO","RESULTADO","RESULTADO_ACUM","RESULTADO7D","RESULTADO_ACUM7D"
"1","2020-03-11",1,1,0,0
"2","2020-03-13",1,2,0,0
"3","2020-03-14",1,3,0,0
"4","2020-03-17",1,4,0,0
"5","2020-03-18",1,5,0,0
"6","2020-03-21",1,6,0,0
"7","2020-03-23",1,7,0,0
"8","2020-03-24",1,8,1.14285714285714,5.14285714285714
"9","2020-03-25",1,9,1.14285714285714,6.28571428571429
"10","2020-03-30",2,11,1.28571428571429,7.57142857142857
"11","2020-03-31",2,13,1.42857142857143,9
"12","2020-04-01",1,14,1.42857142857143,10.4285714285714
"13","2020-04-06",1,15,1.42857142857143,11.8571428571429
"14","2020-04-08",1,16,1.42857142857143,13.2857142857143
"15","2020-04-09",1,17,1.42857142857143,14.7142857142857
"16","2020-04-11",1,18,1.42857142857143,16.1428571428571
"17","2020-04-15",2,20,1.57142857142857,17.7142857142857
"18","2020-04-16",2,22,1.57142857142857,19.2857142857143
"19","2020-04-18",2,24,1.57142857142857,20.8571428571429
"20","2020-04-19",10,34,2.85714285714286,23.7142857142857
"21","2020-04-20",4,38,3.28571428571429,27
"22","2020-04-21",4,42,3.71428571428571,30.7142857142857
"23","2020-04-22",2,44,3.85714285714286,34.5714285714286
"24","2020-04-23",2,46,4,38.5714285714286
"25","2020-04-24",2,48,4,42.5714285714286
"26","2020-04-25",5,53,4.42857142857143,47
"27","2020-04-26",8,61,5.28571428571429,52.2857142857143
"28","2020-04-27",5,66,4.57142857142857,56.8571428571429
"29","2020-04-28",3,69,4.42857142857143,61.2857142857143
"30","2020-04-29",8,77,5,66.2857142857143
"31","2020-04-30",2,79,5,71.2857142857143
"32","2020-05-01",6,85,5.57142857142857,76.8571428571429
"33","2020-05-02",6,91,6.14285714285714,83
"34","2020-05-03",7,98,6.42857142857143,89.4285714285714
"35","2020-05-04",3,101,5.71428571428571,95.1428571428571
"36","2020-05-05",3,104,5.42857142857143,100.571428571429
"37","2020-05-06",5,109,5.71428571428571,106.285714285714
"38","2020-05-07",11,120,6.14285714285714,112.428571428571
"39","2020-05-08",10,130,7.28571428571429,119.714285714286
"40","2020-05-09",2,132,6.71428571428571,126.428571428571
"41","2020-05-10",1,133,6,132.428571428571
"42","2020-05-11",6,139,5.85714285714286,138.285714285714
"43","2020-05-12",11,150,7,145.285714285714
"44","2020-05-13",10,160,8,153.285714285714
"45","2020-05-14",12,172,9,162.285714285714
"46","2020-05-15",16,188,9.71428571428571,172
"47","2020-05-16",3,191,8.71428571428571,180.714285714286
"48","2020-05-17",8,199,9.57142857142857,190.285714285714
"49","2020-05-18",15,214,11.5714285714286,201.857142857143
"50","2020-05-19",7,221,11.7142857142857,213.571428571429
"51","2020-05-20",23,244,13.4285714285714,227
"52","2020-05-21",20,264,14.8571428571429,241.857142857143
"53","2020-05-22",23,287,16.4285714285714,258.285714285714
"54","2020-05-23",5,292,14.8571428571429,273.142857142857
"55","2020-05-24",15,307,16.5714285714286,289.714285714286
"56","2020-05-25",27,334,19.2857142857143,309
"57","2020-05-26",21,355,20.1428571428571,329.142857142857
"58","2020-05-27",28,383,23.1428571428571,352.285714285714
"59","2020-05-28",23,406,23.1428571428571,375.428571428571
"60","2020-05-29",33,439,25,400.428571428571
"61","2020-05-30",38,477,27.1428571428571,427.571428571429
"62","2020-05-31",12,489,28.1428571428571,455.714285714286
"63","2020-06-01",40,529,31.7142857142857,487.428571428571
"64","2020-06-02",37,566,33.1428571428571,520.571428571429
"65","2020-06-03",29,595,34.2857142857143,554.857142857143
"66","2020-06-04",43,638,36.4285714285714,591.285714285714
"67","2020-06-05",81,719,44.7142857142857,636
"68","2020-06-06",22,741,43.1428571428571,679.142857142857
"69","2020-06-07",20,761,40.5714285714286,719.714285714286
"70","2020-06-08",71,832,49,768.714285714286
"71","2020-06-09",69,901,53.1428571428571,821.857142857143
"72","2020-06-10",50,951,55,876.857142857143
"73","2020-06-11",59,1010,59.2857142857143,936.142857142857
"74","2020-06-12",54,1064,60.8571428571429,997
"75","2020-06-13",16,1080,51.5714285714286,1048.57142857143
"76","2020-06-14",19,1099,51.1428571428571,1099.71428571429
"77","2020-06-15",69,1168,58.1428571428571,1157.85714285714
"78","2020-06-16",92,1260,61.1428571428571,1219
"79","2020-06-17",73,1333,61.7142857142857,1280.71428571429
"80","2020-06-18",82,1415,66.2857142857143,1347
"81","2020-06-19",53,1468,65.4285714285714,1412.42857142857
"82","2020-06-20",14,1482,59.7142857142857,1472.14285714286
"83","2020-06-21",15,1497,59.5714285714286,1531.71428571429
"84","2020-06-22",72,1569,67.1428571428571,1598.85714285714
"85","2020-06-23",107,1676,72.5714285714286,1671.42857142857
"86","2020-06-24",95,1771,73,1744.42857142857
"87","2020-06-25",70,1841,72.5714285714286,1817
"88","2020-06-26",91,1932,73.8571428571429,1890.85714285714
"89","2020-06-27",53,1985,73.8571428571429,1964.71428571429
"90","2020-06-28",37,2022,77.1428571428571,2041.85714285714
"91","2020-06-29",65,2087,84.2857142857143,2126.14285714286
"92","2020-06-30",88,2175,86.5714285714286,2212.71428571429
"93","2020-07-01",111,2286,87.1428571428571,2299.85714285714
"94","2020-07-02",64,2350,82.7142857142857,2382.57142857143
"95","2020-07-03",74,2424,83.2857142857143,2465.85714285714
"96","2020-07-04",19,2443,73,2538.85714285714
"97","2020-07-05",20,2463,68.2857142857143,2607.14285714286
"98","2020-07-06",64,2527,72.1428571428571,2679.28571428571
"99","2020-07-07",68,2595,72.5714285714286,2751.85714285714
"100","2020-07-08",77,2672,71,2822.85714285714
"101","2020-07-09",108,2780,70.5714285714286,2893.42857142857
"102","2020-07-10",52,2832,68.8571428571429,2962.28571428571
"103","2020-07-11",20,2852,61.1428571428571,3023.42857142857
"104","2020-07-12",10,2862,59.8571428571429,3083.28571428571
"105","2020-07-13",16,2878,59.2857142857143,3142.57142857143
