"","FECHA_INGRESO","RESULTADO","RESULTADO_ACUM","RESULTADO7D","RESULTADO_ACUM7D"
"1","2020-03-13",1,1,0,0
"2","2020-03-15",2,3,0,0
"3","2020-03-16",2,5,0,0
"4","2020-03-18",1,6,0,0
"5","2020-03-19",1,7,0,0
"6","2020-03-20",4,11,0,0
"7","2020-03-21",11,22,0,0
"8","2020-03-22",1,23,3.28571428571429,11.1428571428571
"9","2020-03-23",6,29,4,15.1428571428571
"10","2020-03-24",1,30,3.85714285714286,19
"11","2020-03-25",4,34,4.14285714285714,23.1428571428571
"12","2020-03-26",6,40,4.85714285714286,28
"13","2020-03-27",5,45,5.42857142857143,33.4285714285714
"14","2020-03-28",4,49,5.42857142857143,38.8571428571429
"15","2020-03-29",1,50,4,42.8571428571429
"16","2020-03-30",4,54,4.42857142857143,47.2857142857143
"17","2020-03-31",2,56,3.85714285714286,51.1428571428571
"18","2020-04-01",1,57,3.85714285714286,55
"19","2020-04-02",2,59,3.57142857142857,58.5714285714286
"20","2020-04-03",5,64,3.42857142857143,62
"21","2020-04-04",3,67,3.14285714285714,65.1428571428571
"22","2020-04-05",3,70,3,68.1428571428571
"23","2020-04-06",7,77,3.85714285714286,72
"24","2020-04-07",6,83,4.14285714285714,76.1428571428571
"25","2020-04-08",8,91,5,81.1428571428571
"26","2020-04-09",2,93,5.14285714285714,86.2857142857143
"27","2020-04-10",2,95,5.14285714285714,91.4285714285714
"28","2020-04-11",4,99,5,96.4285714285714
"29","2020-04-12",1,100,4.71428571428571,101.142857142857
"30","2020-04-13",4,104,4.85714285714286,106
"31","2020-04-14",4,108,4.42857142857143,110.428571428571
"32","2020-04-15",13,121,5.42857142857143,115.857142857143
"33","2020-04-16",14,135,6.28571428571429,122.142857142857
"34","2020-04-17",29,164,10.1428571428571,132.285714285714
"35","2020-04-18",10,174,11.2857142857143,143.571428571429
"36","2020-04-19",10,184,12.1428571428571,155.714285714286
"37","2020-04-20",14,198,14,169.714285714286
"38","2020-04-21",10,208,14.8571428571429,184.571428571429
"39","2020-04-22",13,221,16.1428571428571,200.714285714286
"40","2020-04-23",9,230,15.5714285714286,216.285714285714
"41","2020-04-24",12,242,15.2857142857143,231.571428571429
"42","2020-04-25",11,253,12.7142857142857,244.285714285714
"43","2020-04-26",7,260,12.2857142857143,256.571428571429
"44","2020-04-27",26,286,14.5714285714286,271.142857142857
"45","2020-04-28",17,303,15,286.142857142857
"46","2020-04-29",14,317,15.5714285714286,301.714285714286
"47","2020-04-30",16,333,16,317.714285714286
"48","2020-05-01",14,347,16.7142857142857,334.428571428571
"49","2020-05-02",9,356,16.2857142857143,350.714285714286
"50","2020-05-03",11,367,16.2857142857143,367
"51","2020-05-04",33,400,20,387
"52","2020-05-05",23,423,19.5714285714286,406.571428571429
"53","2020-05-06",29,452,21.2857142857143,427.857142857143
"54","2020-05-07",37,489,24.5714285714286,452.428571428571
"55","2020-05-08",43,532,28.4285714285714,480.857142857143
"56","2020-05-09",27,559,30.2857142857143,511.142857142857
"57","2020-05-10",23,582,32.2857142857143,543.428571428571
"58","2020-05-11",40,622,36.4285714285714,579.857142857143
"59","2020-05-12",53,675,39.2857142857143,619.142857142857
"60","2020-05-13",41,716,41.8571428571429,661
"61","2020-05-14",52,768,45.1428571428571,706.142857142857
"62","2020-05-15",38,806,45.2857142857143,751.428571428571
"63","2020-05-16",33,839,43.8571428571429,795.285714285714
"64","2020-05-17",20,859,42.8571428571429,838.142857142857
"65","2020-05-18",55,914,47.4285714285714,885.571428571429
"66","2020-05-19",70,984,51.7142857142857,937.285714285714
"67","2020-05-20",57,1041,52.2857142857143,989.571428571429
"68","2020-05-21",61,1102,55.1428571428571,1044.71428571429
"69","2020-05-22",56,1158,55.7142857142857,1100.42857142857
"70","2020-05-23",52,1210,57.7142857142857,1158.14285714286
"71","2020-05-24",21,1231,56,1214.14285714286
"72","2020-05-25",115,1346,69.5714285714286,1283.71428571429
"73","2020-05-26",97,1443,75.5714285714286,1359.28571428571
"74","2020-05-27",106,1549,80.7142857142857,1440
"75","2020-05-28",141,1690,92.7142857142857,1532.71428571429
"76","2020-05-29",143,1833,104.428571428571,1637.14285714286
"77","2020-05-30",92,1925,109.571428571429,1746.71428571429
"78","2020-05-31",69,1994,112,1858.71428571429
"79","2020-06-01",179,2173,134.571428571429,1993.28571428571
"80","2020-06-02",171,2344,142.571428571429,2135.85714285714
"81","2020-06-03",178,2522,154.142857142857,2290
"82","2020-06-04",216,2738,169.857142857143,2459.85714285714
"83","2020-06-05",171,2909,174.142857142857,2634
"84","2020-06-06",126,3035,171.714285714286,2805.71428571429
"85","2020-06-07",81,3116,170.142857142857,2975.85714285714
"86","2020-06-08",194,3310,188,3163.85714285714
"87","2020-06-09",225,3535,194.571428571429,3358.42857142857
"88","2020-06-10",184,3719,196.428571428571,3554.85714285714
"89","2020-06-11",198,3917,199.285714285714,3754.14285714286
"90","2020-06-12",210,4127,198.428571428571,3952.57142857143
"91","2020-06-13",117,4244,190.714285714286,4143.28571428571
"92","2020-06-14",83,4327,184.571428571429,4327.85714285714
"93","2020-06-15",332,4659,220.428571428571,4548.28571428571
"94","2020-06-16",315,4974,237.714285714286,4786
"95","2020-06-17",326,5300,252.142857142857,5038.14285714286
"96","2020-06-18",315,5615,270.857142857143,5309
"97","2020-06-19",367,5982,295,5604
"98","2020-06-20",185,6167,291.428571428571,5895.42857142857
"99","2020-06-21",115,6282,291.142857142857,6186.57142857143
"100","2020-06-22",365,6647,331.428571428571,6518
"101","2020-06-23",401,7048,341.285714285714,6859.28571428571
"102","2020-06-24",388,7436,351.714285714286,7211
"103","2020-06-25",288,7724,346.285714285714,7557.28571428571
"104","2020-06-26",348,8072,351,7908.28571428571
"105","2020-06-27",200,8272,327.142857142857,8235.42857142857
"106","2020-06-28",118,8390,317.571428571429,8553
"107","2020-06-29",378,8768,355.142857142857,8908.14285714286
"108","2020-06-30",406,9174,361,9269.14285714286
"109","2020-07-01",399,9573,360.714285714286,9629.85714285714
"110","2020-07-02",386,9959,360.428571428571,9990.28571428571
"111","2020-07-03",380,10339,373.571428571429,10363.8571428571
"112","2020-07-04",219,10558,355.142857142857,10719
"113","2020-07-05",115,10673,343,11062
"114","2020-07-06",413,11086,385.142857142857,11447.1428571429
"115","2020-07-07",425,11511,391.857142857143,11839
"116","2020-07-08",443,11954,397.142857142857,12236.1428571429
"117","2020-07-09",406,12360,398.142857142857,12634.2857142857
"118","2020-07-10",347,12707,392.571428571429,13026.8571428571
"119","2020-07-11",132,12839,357.142857142857,13384
"120","2020-07-12",73,12912,336.285714285714,13720.2857142857
"121","2020-07-13",29,12941,324,14044.2857142857
"122","2020-07-14",1,12942,265.142857142857,14309.4285714286
