"","FECHA_INGRESO","RESULTADO","RESULTADO_ACUM","RESULTADO7D","RESULTADO_ACUM7D"
"1","2020-03-13",2,2,0,0
"2","2020-03-16",2,4,0,0
"3","2020-03-17",5,9,0,0
"4","2020-03-18",1,10,0,0
"5","2020-03-21",1,11,0,0
"6","2020-03-23",1,12,0,0
"7","2020-03-25",3,15,0,0
"8","2020-03-26",4,19,2.71428571428571,11.7142857142857
"9","2020-03-27",3,22,2.85714285714286,14.5714285714286
"10","2020-03-28",3,25,3,17.5714285714286
"11","2020-03-29",1,26,2.42857142857143,20
"12","2020-03-30",2,28,2.57142857142857,22.5714285714286
"13","2020-03-31",4,32,3,25.5714285714286
"14","2020-04-01",3,35,3.28571428571429,28.8571428571429
"15","2020-04-02",1,36,3,31.8571428571429
"16","2020-04-03",1,37,2.57142857142857,34.4285714285714
"17","2020-04-04",2,39,2.42857142857143,36.8571428571429
"18","2020-04-05",3,42,2.42857142857143,39.2857142857143
"19","2020-04-06",8,50,3.42857142857143,42.7142857142857
"20","2020-04-07",11,61,4.71428571428571,47.4285714285714
"21","2020-04-08",6,67,5,52.4285714285714
"22","2020-04-09",7,74,5.57142857142857,58
"23","2020-04-10",5,79,6.14285714285714,64.1428571428571
"24","2020-04-11",5,84,6.71428571428571,70.8571428571429
"25","2020-04-12",12,96,8.14285714285714,79
"26","2020-04-13",17,113,10.1428571428571,89.1428571428571
"27","2020-04-14",7,120,10,99.1428571428571
"28","2020-04-15",5,125,9.14285714285714,108.285714285714
"29","2020-04-16",11,136,9.85714285714286,118.142857142857
"30","2020-04-17",13,149,10.7142857142857,128.857142857143
"31","2020-04-18",8,157,11.1428571428571,140
"32","2020-04-19",6,163,11.2857142857143,151.285714285714
"33","2020-04-20",16,179,11.8571428571429,163.142857142857
"34","2020-04-21",7,186,10.4285714285714,173.571428571429
"35","2020-04-22",13,199,11.2857142857143,184.857142857143
"36","2020-04-23",19,218,13.2857142857143,198.142857142857
"37","2020-04-24",25,243,15.2857142857143,213.428571428571
"38","2020-04-25",13,256,15.2857142857143,228.714285714286
"39","2020-04-26",18,274,16.7142857142857,245.428571428571
"40","2020-04-27",27,301,19.7142857142857,265.142857142857
"41","2020-04-28",29,330,21.5714285714286,286.714285714286
"42","2020-04-29",31,361,25,311.714285714286
"43","2020-04-30",18,379,25.7142857142857,337.428571428571
"44","2020-05-01",13,392,24.8571428571429,362.285714285714
"45","2020-05-02",40,432,27,389.285714285714
"46","2020-05-03",28,460,29.1428571428571,418.428571428571
"47","2020-05-04",51,511,33.8571428571429,452.285714285714
"48","2020-05-05",29,540,34.1428571428571,486.428571428571
"49","2020-05-06",46,586,36.5714285714286,523
"50","2020-05-07",36,622,37.2857142857143,560.285714285714
"51","2020-05-08",40,662,40.4285714285714,600.714285714286
"52","2020-05-09",35,697,43.5714285714286,644.285714285714
"53","2020-05-10",33,730,42.5714285714286,686.857142857143
"54","2020-05-11",47,777,45.2857142857143,732.142857142857
"55","2020-05-12",58,835,46.2857142857143,778.428571428571
"56","2020-05-13",48,883,49,827.428571428571
"57","2020-05-14",69,952,52.2857142857143,879.714285714286
"58","2020-05-15",59,1011,55.5714285714286,935.285714285714
"59","2020-05-16",51,1062,57.1428571428571,992.428571428571
"60","2020-05-17",41,1103,58,1050.42857142857
"61","2020-05-18",127,1230,71.4285714285714,1121.85714285714
"62","2020-05-19",109,1339,80.2857142857143,1202.14285714286
"63","2020-05-20",143,1482,92.4285714285714,1294.57142857143
"64","2020-05-21",140,1622,105.571428571429,1400.14285714286
"65","2020-05-22",129,1751,114.142857142857,1514.28571428571
"66","2020-05-23",67,1818,115.285714285714,1629.57142857143
"67","2020-05-24",71,1889,118.142857142857,1747.71428571429
"68","2020-05-25",136,2025,131.714285714286,1879.42857142857
"69","2020-05-26",116,2141,130.142857142857,2009.57142857143
"70","2020-05-27",116,2257,131.142857142857,2140.71428571429
"71","2020-05-28",111,2368,126.571428571429,2267.28571428571
"72","2020-05-29",97,2465,120.428571428571,2387.71428571429
"73","2020-05-30",62,2527,110.857142857143,2498.57142857143
"74","2020-05-31",77,2604,112.285714285714,2610.85714285714
"75","2020-06-01",152,2756,123.857142857143,2734.71428571429
"76","2020-06-02",106,2862,119.571428571429,2854.28571428571
"77","2020-06-03",116,2978,119.571428571429,2973.85714285714
"78","2020-06-04",128,3106,121.285714285714,3095.14285714286
"79","2020-06-05",121,3227,122.714285714286,3217.85714285714
"80","2020-06-06",89,3316,121.571428571429,3339.42857142857
"81","2020-06-07",64,3380,121.857142857143,3461.28571428571
"82","2020-06-08",151,3531,132.428571428571,3593.71428571429
"83","2020-06-09",105,3636,125.714285714286,3719.42857142857
"84","2020-06-10",146,3782,131.428571428571,3850.85714285714
"85","2020-06-11",154,3936,136.857142857143,3987.71428571429
"86","2020-06-12",140,4076,138.571428571429,4126.28571428571
"87","2020-06-13",75,4151,132,4258.28571428571
"88","2020-06-14",96,4247,133,4391.28571428571
"89","2020-06-15",140,4387,143.857142857143,4535.14285714286
"90","2020-06-16",151,4538,143.857142857143,4679
"91","2020-06-17",108,4646,144.285714285714,4823.28571428571
"92","2020-06-18",103,4749,138.142857142857,4961.42857142857
"93","2020-06-19",130,4879,134.714285714286,5096.14285714286
"94","2020-06-20",53,4932,122.285714285714,5218.42857142857
"95","2020-06-21",69,5001,121.428571428571,5339.85714285714
"96","2020-06-22",178,5179,133.142857142857,5473
"97","2020-06-23",115,5294,129.571428571429,5602.57142857143
"98","2020-06-24",90,5384,120.857142857143,5723.42857142857
"99","2020-06-25",131,5515,124.142857142857,5847.57142857143
"100","2020-06-26",121,5636,126.714285714286,5974.28571428571
"101","2020-06-27",133,5769,127.142857142857,6101.42857142857
"102","2020-06-28",170,5939,143.857142857143,6245.28571428571
"103","2020-06-29",204,6143,163.142857142857,6408.42857142857
"104","2020-06-30",147,6290,158.714285714286,6567.14285714286
"105","2020-07-01",169,6459,166.428571428571,6733.57142857143
"106","2020-07-02",207,6666,183.142857142857,6916.71428571429
"107","2020-07-03",234,6900,197.857142857143,7114.57142857143
"108","2020-07-04",177,7077,205.857142857143,7320.42857142857
"109","2020-07-05",140,7217,206.857142857143,7527.28571428571
"110","2020-07-06",124,7341,200.285714285714,7727.57142857143
"111","2020-07-07",100,7441,185.428571428571,7913
"112","2020-07-08",27,7468,168.285714285714,8081.28571428571
"113","2020-07-09",2,7470,144.428571428571,8225.71428571429
"114","2020-07-10",1,7471,115,8340.71428571429
