"","FECHA_INGRESO","RESULTADO","RESULTADO_ACUM","RESULTADO7D","RESULTADO_ACUM7D"
"1","2020-03-11",1,1,0,0
"2","2020-03-12",3,4,0,0
"3","2020-03-13",3,7,0,0
"4","2020-03-14",5,12,0,0
"5","2020-03-15",2,14,0,0
"6","2020-03-16",12,26,0,0
"7","2020-03-17",6,32,0,0
"8","2020-03-18",17,49,7,20.7142857142857
"9","2020-03-19",10,59,8.28571428571429,29
"10","2020-03-20",5,64,8.57142857142857,37.5714285714286
"11","2020-03-21",1,65,8.28571428571429,45.8571428571429
"12","2020-03-22",3,68,8,53.8571428571429
"13","2020-03-23",8,76,8.85714285714286,62.7142857142857
"14","2020-03-24",7,83,8.14285714285714,70.8571428571429
"15","2020-03-25",7,90,8.28571428571429,79.1428571428571
"16","2020-03-26",6,96,6.71428571428571,85.8571428571429
"17","2020-03-27",7,103,6.28571428571429,92.1428571428571
"18","2020-03-28",2,105,5.85714285714286,98
"19","2020-03-29",2,107,6,104
"20","2020-03-30",7,114,6.57142857142857,110.571428571429
"21","2020-03-31",7,121,6.42857142857143,117
"22","2020-04-01",2,123,5.71428571428571,122.714285714286
"23","2020-04-02",8,131,5.85714285714286,128.571428571429
"24","2020-04-03",10,141,6.42857142857143,135
"25","2020-04-04",2,143,5.71428571428571,140.714285714286
"26","2020-04-05",2,145,5.71428571428571,146.428571428571
"27","2020-04-06",4,149,6,152.428571428571
"28","2020-04-07",6,155,5.85714285714286,158.285714285714
"29","2020-04-08",9,164,6.14285714285714,164.428571428571
"30","2020-04-09",5,169,6.57142857142857,171
"31","2020-04-10",8,177,6.57142857142857,177.571428571429
"32","2020-04-11",5,182,5.85714285714286,183.428571428571
"33","2020-04-12",5,187,6.28571428571429,189.714285714286
"34","2020-04-13",10,197,7.42857142857143,197.142857142857
"35","2020-04-14",4,201,7.42857142857143,204.571428571429
"36","2020-04-15",11,212,8.14285714285714,212.714285714286
"37","2020-04-16",9,221,8.14285714285714,220.857142857143
"38","2020-04-17",14,235,9.42857142857143,230.285714285714
"39","2020-04-18",7,242,9.28571428571429,239.571428571429
"40","2020-04-19",3,245,9,248.571428571429
"41","2020-04-20",9,254,9.57142857142857,258.142857142857
"42","2020-04-21",16,270,10.4285714285714,268.571428571429
"43","2020-04-22",25,295,13.4285714285714,282
"44","2020-04-23",19,314,14.5714285714286,296.571428571429
"45","2020-04-24",32,346,17.8571428571429,314.428571428571
"46","2020-04-25",9,355,17.1428571428571,331.571428571429
"47","2020-04-26",9,364,17.4285714285714,349
"48","2020-04-27",22,386,20.1428571428571,369.142857142857
"49","2020-04-28",14,400,20.8571428571429,390
"50","2020-04-29",22,422,21.7142857142857,411.714285714286
"51","2020-04-30",26,448,21.8571428571429,433.571428571429
"52","2020-05-01",15,463,21.2857142857143,454.857142857143
"53","2020-05-02",29,492,20.8571428571429,475.714285714286
"54","2020-05-03",16,508,21.8571428571429,497.571428571429
"55","2020-05-04",30,538,24.8571428571429,522.428571428571
"56","2020-05-05",20,558,24.5714285714286,547
"57","2020-05-06",25,583,26.1428571428571,573.142857142857
"58","2020-05-07",49,632,30,603.142857142857
"59","2020-05-08",26,658,30,633.142857142857
"60","2020-05-09",28,686,31.8571428571429,665
"61","2020-05-10",22,708,30.8571428571429,695.857142857143
"62","2020-05-11",50,758,35.7142857142857,731.571428571429
"63","2020-05-12",39,797,37,768.571428571429
"64","2020-05-13",29,826,38.2857142857143,806.857142857143
"65","2020-05-14",57,883,42.8571428571429,849.714285714286
"66","2020-05-15",64,947,45,894.714285714286
"67","2020-05-16",17,964,43.7142857142857,938.428571428571
"68","2020-05-17",31,995,44.1428571428571,982.571428571429
"69","2020-05-18",54,1049,48.7142857142857,1031.28571428571
"70","2020-05-19",73,1122,52,1083.28571428571
"71","2020-05-20",59,1181,54.8571428571429,1138.14285714286
"72","2020-05-21",61,1242,59.4285714285714,1197.57142857143
"73","2020-05-22",73,1315,61.7142857142857,1259.28571428571
"74","2020-05-23",41,1356,58.4285714285714,1317.71428571429
"75","2020-05-24",38,1394,61.4285714285714,1379.14285714286
"76","2020-05-25",93,1487,70.2857142857143,1449.42857142857
"77","2020-05-26",129,1616,81,1530.42857142857
"78","2020-05-27",139,1755,90.4285714285714,1620.85714285714
"79","2020-05-28",121,1876,99.2857142857143,1720.14285714286
"80","2020-05-29",163,2039,113.857142857143,1834
"81","2020-05-30",126,2165,121.428571428571,1955.42857142857
"82","2020-05-31",80,2245,127,2082.42857142857
"83","2020-06-01",224,2469,153.571428571429,2236
"84","2020-06-02",194,2663,168,2404
"85","2020-06-03",206,2869,179,2583
"86","2020-06-04",171,3040,183.571428571429,2766.57142857143
"87","2020-06-05",216,3256,197.142857142857,2963.71428571429
"88","2020-06-06",99,3355,188,3151.71428571429
"89","2020-06-07",69,3424,179.857142857143,3331.57142857143
"90","2020-06-08",256,3680,205,3536.57142857143
"91","2020-06-09",250,3930,208.714285714286,3745.28571428571
"92","2020-06-10",239,4169,215.142857142857,3960.42857142857
"93","2020-06-11",225,4394,217.857142857143,4178.28571428571
"94","2020-06-12",171,4565,217.857142857143,4396.14285714286
"95","2020-06-13",109,4674,202.571428571429,4598.71428571429
"96","2020-06-14",87,4761,200.857142857143,4799.57142857143
"97","2020-06-15",211,4972,221.142857142857,5020.71428571429
"98","2020-06-16",207,5179,214.142857142857,5234.85714285714
"99","2020-06-17",198,5377,206.714285714286,5441.57142857143
"100","2020-06-18",209,5586,202.428571428571,5644
"101","2020-06-19",184,5770,196.571428571429,5840.57142857143
"102","2020-06-20",131,5901,190.857142857143,6031.42857142857
"103","2020-06-21",88,5989,187.857142857143,6219.28571428571
"104","2020-06-22",204,6193,204.571428571429,6423.85714285714
"105","2020-06-23",216,6409,205.285714285714,6629.14285714286
"106","2020-06-24",194,6603,203.428571428571,6832.57142857143
"107","2020-06-25",161,6764,198.142857142857,7030.71428571429
"108","2020-06-26",205,6969,197.571428571429,7228.28571428571
"109","2020-06-27",134,7103,190.428571428571,7418.71428571429
"110","2020-06-28",103,7206,186.428571428571,7605.14285714286
"111","2020-06-29",173,7379,198.571428571429,7803.71428571429
"112","2020-06-30",217,7596,200.428571428571,8004.14285714286
"113","2020-07-01",179,7775,195.142857142857,8199.28571428571
"114","2020-07-02",179,7954,193,8392.28571428571
"115","2020-07-03",189,8143,197,8589.28571428571
"116","2020-07-04",124,8267,185.428571428571,8774.71428571429
"117","2020-07-05",83,8350,178.142857142857,8952.85714285714
"118","2020-07-06",218,8568,194.571428571429,9147.42857142857
"119","2020-07-07",227,8795,202.285714285714,9349.71428571429
"120","2020-07-08",199,8994,199.714285714286,9549.42857142857
"121","2020-07-09",184,9178,200.428571428571,9749.85714285714
"122","2020-07-10",161,9339,197.857142857143,9947.71428571429
"123","2020-07-11",84,9423,182.857142857143,10130.5714285714
"124","2020-07-12",55,9478,173,10303.5714285714
"125","2020-07-13",32,9510,165.714285714286,10469.2857142857
"126","2020-07-14",1,9511,134.714285714286,10604
