"","FECHA_INGRESO","RESULTADO","RESULTADO_ACUM","RESULTADO7D","RESULTADO_ACUM7D"
"1","2020-01-13",1,1,0,0
"2","2020-01-28",1,2,0,0
"3","2020-01-29",1,3,0,0
"4","2020-02-12",1,4,0,0
"5","2020-02-27",4,8,0,0
"6","2020-02-28",2,10,0,0
"7","2020-02-29",1,11,0,0
"8","2020-03-02",2,13,1.85714285714286,7.42857142857143
"9","2020-03-04",2,15,2,9.42857142857143
"10","2020-03-05",1,16,2,11.4285714285714
"11","2020-03-07",1,17,2,13.4285714285714
"12","2020-03-08",4,21,2.42857142857143,15.8571428571429
"13","2020-03-09",1,22,2,17.8571428571429
"14","2020-03-10",9,31,3,20.8571428571429
"15","2020-03-11",27,58,6.71428571428571,27.5714285714286
"16","2020-03-12",28,86,10.4285714285714,38
"17","2020-03-13",60,146,18.7142857142857,56.7142857142857
"18","2020-03-14",50,196,25.7142857142857,82.4285714285714
"19","2020-03-15",36,232,30.7142857142857,113.142857142857
"20","2020-03-16",68,300,39.8571428571429,153
"21","2020-03-17",93,393,53,206
"22","2020-03-18",102,495,66.2857142857143,272.285714285714
"23","2020-03-19",109,604,78,350.285714285714
"24","2020-03-20",100,704,88.2857142857143,438.571428571429
"25","2020-03-21",66,770,89.1428571428571,527.714285714286
"26","2020-03-22",48,818,88.8571428571429,616.571428571429
"27","2020-03-23",129,947,102.142857142857,718.714285714286
"28","2020-03-24",164,1111,115.857142857143,834.571428571429
"29","2020-03-25",140,1251,122.571428571429,957.142857142857
"30","2020-03-26",172,1423,132.571428571429,1089.71428571429
"31","2020-03-27",211,1634,147.142857142857,1236.85714285714
"32","2020-03-28",159,1793,155.571428571429,1392.42857142857
"33","2020-03-29",142,1935,166.428571428571,1558.85714285714
"34","2020-03-30",312,2247,204.142857142857,1763
"35","2020-03-31",278,2525,225.428571428571,1988.42857142857
"36","2020-04-01",325,2850,248.428571428571,2236.85714285714
"37","2020-04-02",303,3153,271.714285714286,2508.57142857143
"38","2020-04-03",336,3489,295.142857142857,2803.71428571429
"39","2020-04-04",220,3709,296.428571428571,3100.14285714286
"40","2020-04-05",226,3935,306,3406.14285714286
"41","2020-04-06",538,4473,362.571428571429,3768.71428571429
"42","2020-04-07",461,4934,383.857142857143,4152.57142857143
"43","2020-04-08",522,5456,418.714285714286,4571.28571428571
"44","2020-04-09",408,5864,430.571428571429,5001.85714285714
"45","2020-04-10",492,6356,457.571428571429,5459.42857142857
"46","2020-04-11",409,6765,468,5927.42857142857
"47","2020-04-12",428,7193,497.714285714286,6425.14285714286
"48","2020-04-13",854,8047,587.428571428571,7012.57142857143
"49","2020-04-14",842,8889,630.857142857143,7643.42857142857
"50","2020-04-15",874,9763,689.857142857143,8333.28571428571
"51","2020-04-16",899,10662,743.714285714286,9077
"52","2020-04-17",1026,11688,832,9909
"53","2020-04-18",729,12417,865.857142857143,10774.8571428571
"54","2020-04-19",673,13090,903.571428571429,11678.4285714286
"55","2020-04-20",1370,14460,1038.14285714286,12716.5714285714
"56","2020-04-21",1320,15780,1104.71428571429,13821.2857142857
"57","2020-04-22",1254,17034,1163.57142857143,14984.8571428571
"58","2020-04-23",1340,18374,1230.14285714286,16215
"59","2020-04-24",1521,19895,1319,17534
"60","2020-04-25",969,20864,1310.85714285714,18844.8571428571
"61","2020-04-26",946,21810,1341.85714285714,20186.7142857143
"62","2020-04-27",1732,23542,1493.14285714286,21679.8571428571
"63","2020-04-28",1714,25256,1542.28571428571,23222.1428571429
"64","2020-04-29",1703,26959,1597,24819.1428571429
"65","2020-04-30",1700,28659,1660.71428571429,26479.8571428571
"66","2020-05-01",1327,29986,1658.85714285714,28138.7142857143
"67","2020-05-02",1315,31301,1629.42857142857,29768.1428571429
"68","2020-05-03",1206,32507,1663.28571428571,31431.4285714286
"69","2020-05-04",2422,34929,1874.14285714286,33305.5714285714
"70","2020-05-05",2001,36930,1912.57142857143,35218.1428571429
"71","2020-05-06",2203,39133,1982.42857142857,37200.5714285714
"72","2020-05-07",2293,41426,2066.71428571429,39267.2857142857
"73","2020-05-08",2311,43737,2154,41421.2857142857
"74","2020-05-09",1452,45189,2171.85714285714,43593.1428571429
"75","2020-05-10",1347,46536,2176.42857142857,45769.5714285714
"76","2020-05-11",2835,49371,2409.14285714286,48178.7142857143
"77","2020-05-12",2774,52145,2459.42857142857,50638.1428571429
"78","2020-05-13",3008,55153,2603.28571428571,53241.4285714286
"79","2020-05-14",2946,58099,2709.42857142857,55950.8571428571
"80","2020-05-15",3350,61449,2860.42857142857,58811.2857142857
"81","2020-05-16",2076,63525,2826.85714285714,61638.1428571429
"82","2020-05-17",1557,65082,2841.85714285714,64480
"83","2020-05-18",3867,68949,3201.85714285714,67681.8571428571
"84","2020-05-19",3405,72354,3283.28571428571,70965.1428571429
"85","2020-05-20",3700,76054,3415.57142857143,74380.7142857143
"86","2020-05-21",3773,79827,3524.85714285714,77905.5714285714
"87","2020-05-22",3808,83635,3648,81553.5714285714
"88","2020-05-23",2161,85796,3478.14285714286,85031.7142857143
"89","2020-05-24",1764,87560,3433.57142857143,88465.2857142857
"90","2020-05-25",4444,92004,3846,92311.2857142857
"91","2020-05-26",4128,96132,3883.28571428571,96194.5714285714
"92","2020-05-27",4294,100426,4010.28571428571,100204.857142857
"93","2020-05-28",4057,104483,4061.28571428571,104266.142857143
"94","2020-05-29",4162,108645,4116.85714285714,108383
"95","2020-05-30",2640,111285,3950,112333
"96","2020-05-31",1997,113282,3926.57142857143,116259.571428571
"97","2020-06-01",5118,118400,4405.71428571429,120665.285714286
"98","2020-06-02",4589,122989,4426.42857142857,125091.714285714
"99","2020-06-03",4776,127765,4519,129610.714285714
"100","2020-06-04",4726,132491,4580.71428571429,134191.428571429
"101","2020-06-05",4854,137345,4694.57142857143,138886
"102","2020-06-06",2863,140208,4509,143395
"103","2020-06-07",2240,142448,4451.85714285714,147846.857142857
"104","2020-06-08",5936,148384,5014.57142857143,152861.428571429
"105","2020-06-09",5522,153906,5072.28571428571,157933.714285714
"106","2020-06-10",5484,159390,5200.14285714286,163133.857142857
"107","2020-06-11",5205,164595,5261.42857142857,168395.285714286
"108","2020-06-12",5406,170001,5358.57142857143,173753.857142857
"109","2020-06-13",2920,172921,5082.28571428571,178836.142857143
"110","2020-06-14",2468,175389,5025.85714285714,183862
"111","2020-06-15",6272,181661,5601.85714285714,189463.857142857
"112","2020-06-16",6148,187809,5632.14285714286,195096
"113","2020-06-17",5860,193669,5680.42857142857,200776.428571429
"114","2020-06-18",5773,199442,5721.71428571429,206498.142857143
"115","2020-06-19",5839,205281,5812.28571428571,212310.428571429
"116","2020-06-20",3360,208641,5520,217830.428571429
"117","2020-06-21",2330,210971,5435.71428571429,223266.142857143
"118","2020-06-22",6546,217517,6018.28571428571,229284.428571429
"119","2020-06-23",6296,223813,6021.71428571429,235306.142857143
"120","2020-06-24",5972,229785,5996.57142857143,241302.714285714
"121","2020-06-25",5850,235635,5995.14285714286,247297.857142857
"122","2020-06-26",5962,241597,6022.14285714286,253320
"123","2020-06-27",3340,244937,5665.14285714286,258985.142857143
"124","2020-06-28",2636,247573,5561.71428571429,264546.857142857
"125","2020-06-29",6703,254276,6186.42857142857,270733.285714286
"126","2020-06-30",6373,260649,6161.71428571429,276895
"127","2020-07-01",6547,267196,6197.57142857143,283092.571428571
"128","2020-07-02",5917,273113,6189.71428571429,289282.285714286
"129","2020-07-03",5948,279061,6203.71428571429,295486
"130","2020-07-04",2916,281977,5768.57142857143,301254.571428571
"131","2020-07-05",2340,284317,5625.71428571429,306880.285714286
"132","2020-07-06",6134,290451,6125.42857142857,313005.714285714
"133","2020-07-07",5812,296263,5998.14285714286,319003.857142857
"134","2020-07-08",5194,301457,5829.71428571429,324833.571428571
"135","2020-07-09",4274,305731,5505,330338.571428571
"136","2020-07-10",3213,308944,5118.71428571429,335457.285714286
"137","2020-07-11",1202,310146,4440.71428571429,339898
"138","2020-07-12",666,310812,4119.28571428571,344017.285714286
"139","2020-07-13",638,311450,3876.14285714286,347893.428571429
"140","2020-07-14",36,311486,3005,350898.428571429
