"","FECHA_INGRESO","RESULTADO","RESULTADO_ACUM","RESULTADO7D","RESULTADO_ACUM7D"
"1","2020-03-18",1,1,0,0
"2","2020-03-19",1,2,0,0
"3","2020-03-20",2,4,0,0
"4","2020-03-21",5,9,0,0
"5","2020-03-23",3,12,0,0
"6","2020-03-24",3,15,0,0
"7","2020-03-25",2,17,0,0
"8","2020-03-26",3,20,2.85714285714286,11.4285714285714
"9","2020-03-27",1,21,2.85714285714286,14.2857142857143
"10","2020-03-28",1,22,2.85714285714286,17.1428571428571
"11","2020-03-29",3,25,3,20.1428571428571
"12","2020-03-31",4,29,2.85714285714286,23
"13","2020-04-01",4,33,3,26
"14","2020-04-02",1,34,2.71428571428571,28.7142857142857
"15","2020-04-03",6,40,3.28571428571429,32
"16","2020-04-04",2,42,3.14285714285714,35.1428571428571
"17","2020-04-05",2,44,3.28571428571429,38.4285714285714
"18","2020-04-06",6,50,4,42.4285714285714
"19","2020-04-07",6,56,4.42857142857143,46.8571428571429
"20","2020-04-08",4,60,4.42857142857143,51.2857142857143
"21","2020-04-09",9,69,5.14285714285714,56.4285714285714
"22","2020-04-10",3,72,5.42857142857143,61.8571428571429
"23","2020-04-11",2,74,4.85714285714286,66.7142857142857
"24","2020-04-12",4,78,5.14285714285714,71.8571428571429
"25","2020-04-13",13,91,6.71428571428571,78.5714285714286
"26","2020-04-14",16,107,8.14285714285714,86.7142857142857
"27","2020-04-15",9,116,8.57142857142857,95.2857142857143
"28","2020-04-16",8,124,9.14285714285714,104.428571428571
"29","2020-04-17",14,138,9.85714285714286,114.285714285714
"30","2020-04-18",7,145,10.4285714285714,124.714285714286
"31","2020-04-19",8,153,11.2857142857143,136
"32","2020-04-20",28,181,14.7142857142857,150.714285714286
"33","2020-04-21",12,193,14.5714285714286,165.285714285714
"34","2020-04-22",12,205,14,179.285714285714
"35","2020-04-23",19,224,15.4285714285714,194.714285714286
"36","2020-04-24",22,246,17.4285714285714,212.142857142857
"37","2020-04-25",27,273,19.2857142857143,231.428571428571
"38","2020-04-26",20,293,21.1428571428571,252.571428571429
"39","2020-04-27",32,325,24.5714285714286,277.142857142857
"40","2020-04-28",29,354,24.7142857142857,301.857142857143
"41","2020-04-29",23,377,26.2857142857143,328.142857142857
"42","2020-04-30",26,403,28.2857142857143,356.428571428571
"43","2020-05-01",24,427,29,385.428571428571
"44","2020-05-02",16,443,28.1428571428571,413.571428571429
"45","2020-05-03",27,470,28.1428571428571,441.714285714286
"46","2020-05-04",43,513,31.4285714285714,473.142857142857
"47","2020-05-05",21,534,29.8571428571429,503
"48","2020-05-06",35,569,30.7142857142857,533.714285714286
"49","2020-05-07",29,598,31.5714285714286,565.285714285714
"50","2020-05-08",43,641,34,599.285714285714
"51","2020-05-09",45,686,37,636.285714285714
"52","2020-05-10",25,711,38.2857142857143,674.571428571429
"53","2020-05-11",69,780,44.2857142857143,718.857142857143
"54","2020-05-12",58,838,46.4285714285714,765.285714285714
"55","2020-05-13",101,939,57.8571428571429,823.142857142857
"56","2020-05-14",77,1016,63.8571428571429,887
"57","2020-05-15",103,1119,74.4285714285714,961.428571428571
"58","2020-05-16",44,1163,74.5714285714286,1036
"59","2020-05-17",27,1190,72,1108
"60","2020-05-18",66,1256,77.8571428571429,1185.85714285714
"61","2020-05-19",66,1322,77.4285714285714,1263.28571428571
"62","2020-05-20",101,1423,83.5714285714286,1346.85714285714
"63","2020-05-21",78,1501,80.2857142857143,1427.14285714286
"64","2020-05-22",96,1597,83,1510.14285714286
"65","2020-05-23",21,1618,71.2857142857143,1581.42857142857
"66","2020-05-24",35,1653,70,1651.42857142857
"67","2020-05-25",119,1772,83.1428571428571,1734.57142857143
"68","2020-05-26",101,1873,88.1428571428571,1822.71428571429
"69","2020-05-27",90,1963,91.5714285714286,1914.28571428571
"70","2020-05-28",112,2075,93.1428571428571,2007.42857142857
"71","2020-05-29",129,2204,100.428571428571,2107.85714285714
"72","2020-05-30",47,2251,93.4285714285714,2201.28571428571
"73","2020-05-31",46,2297,97,2298.28571428571
"74","2020-06-01",166,2463,115.714285714286,2414
"75","2020-06-02",126,2589,116.714285714286,2530.71428571429
"76","2020-06-03",147,2736,123.285714285714,2654
"77","2020-06-04",142,2878,130.714285714286,2784.71428571429
"78","2020-06-05",131,3009,133.428571428571,2918.14285714286
"79","2020-06-06",73,3082,125.428571428571,3043.57142857143
"80","2020-06-07",39,3121,124.285714285714,3167.85714285714
"81","2020-06-08",190,3311,144.857142857143,3312.71428571429
"82","2020-06-09",194,3505,148.857142857143,3461.57142857143
"83","2020-06-10",149,3654,152.142857142857,3613.71428571429
"84","2020-06-11",168,3822,155.142857142857,3768.85714285714
"85","2020-06-12",193,4015,162.428571428571,3931.28571428571
"86","2020-06-13",75,4090,154.428571428571,4085.71428571429
"87","2020-06-14",48,4138,150.857142857143,4236.57142857143
"88","2020-06-15",201,4339,174,4410.57142857143
"89","2020-06-16",192,4531,174.285714285714,4584.85714285714
"90","2020-06-17",196,4727,174.571428571429,4759.42857142857
"91","2020-06-18",166,4893,177,4936.42857142857
"92","2020-06-19",232,5125,186.142857142857,5122.57142857143
"93","2020-06-20",112,5237,174.571428571429,5297.14285714286
"94","2020-06-21",44,5281,170.142857142857,5467.28571428571
"95","2020-06-22",207,5488,192.857142857143,5660.14285714286
"96","2020-06-23",186,5674,190.714285714286,5850.85714285714
"97","2020-06-24",160,5834,186.142857142857,6037
"98","2020-06-25",150,5984,179.571428571429,6216.57142857143
"99","2020-06-26",102,6086,170.428571428571,6387
"100","2020-06-27",71,6157,147.428571428571,6534.42857142857
"101","2020-06-28",26,6183,135.142857142857,6669.57142857143
"102","2020-06-29",170,6353,153.142857142857,6822.71428571429
"103","2020-06-30",159,6512,146.285714285714,6969
"104","2020-07-01",109,6621,135.285714285714,7104.28571428571
"105","2020-07-02",113,6734,128.571428571429,7232.85714285714
"106","2020-07-03",120,6854,124.285714285714,7357.14285714286
"107","2020-07-04",43,6897,115.857142857143,7473
"108","2020-07-05",28,6925,109.714285714286,7582.71428571429
"109","2020-07-06",132,7057,124.857142857143,7707.57142857143
"110","2020-07-07",125,7182,118.428571428571,7826
"111","2020-07-08",103,7285,110.428571428571,7936.42857142857
"112","2020-07-09",72,7357,105.142857142857,8041.57142857143
"113","2020-07-10",33,7390,93.7142857142857,8135.28571428571
"114","2020-07-11",2,7392,76.8571428571429,8212.14285714286
"115","2020-07-12",1,7393,70.8571428571429,8283
"116","2020-07-14",1,7394,67,8350
