"","FECHA_INGRESO","RESULTADO","RESULTADO_ACUM","RESULTADO7D","RESULTADO_ACUM7D"
"1","2020-03-14",1,1,0,0
"2","2020-03-17",1,2,0,0
"3","2020-03-18",1,3,0,0
"4","2020-03-20",1,4,0,0
"5","2020-03-21",1,5,0,0
"6","2020-03-23",2,7,0,0
"7","2020-03-24",3,10,0,0
"8","2020-03-28",3,13,1.85714285714286,6.42857142857143
"9","2020-03-29",1,14,1.85714285714286,8.28571428571429
"10","2020-03-30",1,15,1.85714285714286,10.1428571428571
"11","2020-03-31",1,16,1.85714285714286,12
"12","2020-04-01",3,19,2.14285714285714,14.1428571428571
"13","2020-04-02",8,27,3.14285714285714,17.2857142857143
"14","2020-04-03",1,28,3,20.2857142857143
"15","2020-04-04",3,31,3,23.2857142857143
"16","2020-04-05",3,34,3,26.2857142857143
"17","2020-04-06",8,42,4,30.2857142857143
"18","2020-04-07",6,48,4.71428571428571,35
"19","2020-04-08",6,54,5.42857142857143,40.4285714285714
"20","2020-04-09",6,60,5.85714285714286,46.2857142857143
"21","2020-04-10",3,63,5.14285714285714,51.4285714285714
"22","2020-04-11",2,65,5.28571428571429,56.7142857142857
"23","2020-04-12",4,69,5.42857142857143,62.1428571428571
"24","2020-04-13",9,78,6.28571428571429,68.4285714285714
"25","2020-04-14",10,88,6.57142857142857,75
"26","2020-04-15",10,98,7.14285714285714,82.1428571428571
"27","2020-04-16",8,106,7.42857142857143,89.5714285714286
"28","2020-04-17",11,117,8.14285714285714,97.7142857142857
"29","2020-04-18",9,126,9,106.714285714286
"30","2020-04-19",18,144,11.2857142857143,118
"31","2020-04-20",31,175,15.1428571428571,133.142857142857
"32","2020-04-21",19,194,16.5714285714286,149.714285714286
"33","2020-04-22",32,226,19.7142857142857,169.428571428571
"34","2020-04-23",29,255,22.4285714285714,191.857142857143
"35","2020-04-24",33,288,26,217.857142857143
"36","2020-04-25",14,302,26.4285714285714,244.285714285714
"37","2020-04-26",31,333,29.5714285714286,273.857142857143
"38","2020-04-27",47,380,33.7142857142857,307.571428571429
"39","2020-04-28",28,408,33.2857142857143,340.857142857143
"40","2020-04-29",43,451,36.7142857142857,377.571428571429
"41","2020-04-30",36,487,37.2857142857143,414.857142857143
"42","2020-05-01",32,519,37.7142857142857,452.571428571429
"43","2020-05-02",29,548,37.1428571428571,489.714285714286
"44","2020-05-03",49,597,42.1428571428571,531.857142857143
"45","2020-05-04",53,650,45.2857142857143,577.142857142857
"46","2020-05-05",48,698,45.4285714285714,622.571428571429
"47","2020-05-06",54,752,49.1428571428571,671.714285714286
"48","2020-05-07",49,801,50,721.714285714286
"49","2020-05-08",42,843,50.8571428571429,772.571428571429
"50","2020-05-09",27,870,50.1428571428571,822.714285714286
"51","2020-05-10",29,899,50.1428571428571,872.857142857143
"52","2020-05-11",61,960,51.8571428571429,924.714285714286
"53","2020-05-12",55,1015,52.1428571428571,976.857142857143
"54","2020-05-13",57,1072,53.4285714285714,1030.28571428571
"55","2020-05-14",39,1111,51.2857142857143,1081.57142857143
"56","2020-05-15",52,1163,51.7142857142857,1133.28571428571
"57","2020-05-16",25,1188,49.2857142857143,1182.57142857143
"58","2020-05-17",25,1213,49,1231.57142857143
"59","2020-05-18",47,1260,51.5714285714286,1283.14285714286
"60","2020-05-19",54,1314,50.5714285714286,1333.71428571429
"61","2020-05-20",45,1359,49.1428571428571,1382.85714285714
"62","2020-05-21",49,1408,48,1430.85714285714
"63","2020-05-22",56,1464,50.4285714285714,1481.28571428571
"64","2020-05-23",23,1487,46.2857142857143,1527.57142857143
"65","2020-05-24",19,1506,45.4285714285714,1573
"66","2020-05-25",66,1572,51.2857142857143,1624.28571428571
"67","2020-05-26",73,1645,55,1679.28571428571
"68","2020-05-27",36,1681,52.4285714285714,1731.71428571429
"69","2020-05-28",60,1741,54.5714285714286,1786.28571428571
"70","2020-05-29",50,1791,54.7142857142857,1841
"71","2020-05-30",26,1817,50.4285714285714,1891.42857142857
"72","2020-05-31",31,1848,51.5714285714286,1943
"73","2020-06-01",61,1909,57.5714285714286,2000.57142857143
"74","2020-06-02",51,1960,55.4285714285714,2056
"75","2020-06-03",53,2013,52.5714285714286,2108.57142857143
"76","2020-06-04",46,2059,54,2162.57142857143
"77","2020-06-05",58,2117,53.7142857142857,2216.28571428571
"78","2020-06-06",25,2142,50.1428571428571,2266.42857142857
"79","2020-06-07",20,2162,49.2857142857143,2315.71428571429
"80","2020-06-08",88,2250,57.4285714285714,2373.14285714286
"81","2020-06-09",54,2304,56.4285714285714,2429.57142857143
"82","2020-06-10",53,2357,56.7142857142857,2486.28571428571
"83","2020-06-11",57,2414,57.2857142857143,2543.57142857143
"84","2020-06-12",57,2471,58.8571428571429,2602.42857142857
"85","2020-06-13",38,2509,56,2658.42857142857
"86","2020-06-14",31,2540,56.8571428571429,2715.28571428571
"87","2020-06-15",63,2603,63,2778.28571428571
"88","2020-06-16",54,2657,58.1428571428571,2836.42857142857
"89","2020-06-17",47,2704,57.1428571428571,2893.57142857143
"90","2020-06-18",37,2741,54.8571428571429,2948.42857142857
"91","2020-06-19",59,2800,55.1428571428571,3003.57142857143
"92","2020-06-20",21,2821,50,3053.57142857143
"93","2020-06-21",17,2838,47,3100.57142857143
"94","2020-06-22",33,2871,47.2857142857143,3147.85714285714
"95","2020-06-23",40,2911,44,3191.85714285714
"96","2020-06-24",59,2970,44.7142857142857,3236.57142857143
"97","2020-06-25",27,2997,41.8571428571429,3278.42857142857
"98","2020-06-26",35,3032,41.5714285714286,3320
"99","2020-06-27",15,3047,35.2857142857143,3355.28571428571
"100","2020-06-28",18,3065,34.8571428571429,3390.14285714286
"101","2020-06-29",50,3115,39.5714285714286,3429.71428571429
"102","2020-06-30",28,3143,38.8571428571429,3468.57142857143
"103","2020-07-01",39,3182,38.7142857142857,3507.28571428571
"104","2020-07-02",36,3218,35.4285714285714,3542.71428571429
"105","2020-07-03",35,3253,36.5714285714286,3579.28571428571
"106","2020-07-04",9,3262,32.8571428571429,3612.14285714286
"107","2020-07-05",12,3274,32.4285714285714,3644.57142857143
"108","2020-07-06",37,3311,35.1428571428571,3679.71428571429
"109","2020-07-07",27,3338,31.8571428571429,3711.57142857143
"110","2020-07-08",11,3349,29.4285714285714,3741
"111","2020-07-09",22,3371,27,3768
"112","2020-07-10",14,3385,23.8571428571429,3791.85714285714
"113","2020-07-11",2,3387,19.1428571428571,3811
"114","2020-07-12",1,3388,18,3829
"115","2020-07-13",1,3389,16.4285714285714,3845.42857142857
