"","FECHA_INGRESO","RESULTADO","RESULTADO_ACUM","RESULTADO7D","RESULTADO_ACUM7D"
"1","2020-03-14",1,1,0,0
"2","2020-03-18",1,2,0,0
"3","2020-03-20",3,5,0,0
"4","2020-03-22",1,6,0,0
"5","2020-03-24",1,7,0,0
"6","2020-03-25",2,9,0,0
"7","2020-03-26",2,11,0,0
"8","2020-03-27",2,13,1.85714285714286,7.71428571428571
"9","2020-03-28",2,15,2,9.71428571428571
"10","2020-03-29",3,18,2.28571428571429,12
"11","2020-03-30",2,20,2.14285714285714,14.1428571428571
"12","2020-03-31",5,25,2.71428571428571,16.8571428571429
"13","2020-04-01",3,28,3,19.8571428571429
"14","2020-04-02",5,33,3.42857142857143,23.2857142857143
"15","2020-04-03",2,35,3.42857142857143,26.7142857142857
"16","2020-04-04",8,43,4.28571428571429,31
"17","2020-04-05",8,51,5.14285714285714,36.1428571428571
"18","2020-04-06",5,56,5.42857142857143,41.5714285714286
"19","2020-04-07",3,59,5.57142857142857,47.1428571428571
"20","2020-04-08",8,67,6,53.1428571428571
"21","2020-04-09",7,74,6.57142857142857,59.7142857142857
"22","2020-04-10",9,83,7.14285714285714,66.8571428571429
"23","2020-04-11",6,89,7.71428571428571,74.5714285714286
"24","2020-04-12",9,98,7.85714285714286,82.4285714285714
"25","2020-04-13",12,110,8.42857142857143,90.8571428571429
"26","2020-04-14",9,119,9,99.8571428571429
"27","2020-04-15",15,134,10.7142857142857,110.571428571429
"28","2020-04-16",16,150,11.8571428571429,122.428571428571
"29","2020-04-17",8,158,12,134.428571428571
"30","2020-04-18",11,169,12.2857142857143,146.714285714286
"31","2020-04-19",13,182,13.2857142857143,160
"32","2020-04-20",29,211,16.1428571428571,176.142857142857
"33","2020-04-21",21,232,17.4285714285714,193.571428571429
"34","2020-04-22",23,255,19.4285714285714,213
"35","2020-04-23",37,292,22.5714285714286,235.571428571429
"36","2020-04-24",22,314,23.4285714285714,259
"37","2020-04-25",21,335,25.2857142857143,284.285714285714
"38","2020-04-26",14,349,25.7142857142857,310
"39","2020-04-27",37,386,29.1428571428571,339.142857142857
"40","2020-04-28",16,402,27.2857142857143,366.428571428571
"41","2020-04-29",42,444,30.2857142857143,396.714285714286
"42","2020-04-30",41,485,32.8571428571429,429.571428571429
"43","2020-05-01",27,512,31.4285714285714,461
"44","2020-05-02",23,535,31.5714285714286,492.571428571429
"45","2020-05-03",18,553,31.1428571428571,523.714285714286
"46","2020-05-04",37,590,34.4285714285714,558.142857142857
"47","2020-05-05",48,638,36,594.142857142857
"48","2020-05-06",39,677,39.2857142857143,633.428571428571
"49","2020-05-07",39,716,38.8571428571429,672.285714285714
"50","2020-05-08",33,749,37.7142857142857,710
"51","2020-05-09",17,766,36.2857142857143,746.285714285714
"52","2020-05-10",27,793,36.8571428571429,783.142857142857
"53","2020-05-11",37,830,39.5714285714286,822.714285714286
"54","2020-05-12",28,858,38.2857142857143,861
"55","2020-05-13",56,914,39.4285714285714,900.428571428571
"56","2020-05-14",39,953,39.4285714285714,939.857142857143
"57","2020-05-15",31,984,38.2857142857143,978.142857142857
"58","2020-05-16",23,1007,36.8571428571429,1015
"59","2020-05-17",32,1039,39,1054
"60","2020-05-18",53,1092,42.7142857142857,1096.71428571429
"61","2020-05-19",42,1134,43.4285714285714,1140.14285714286
"62","2020-05-20",43,1177,45.5714285714286,1185.71428571429
"63","2020-05-21",57,1234,45.7142857142857,1231.42857142857
"64","2020-05-22",40,1274,45.8571428571429,1277.28571428571
"65","2020-05-23",41,1315,47.2857142857143,1324.57142857143
"66","2020-05-24",17,1332,46.4285714285714,1371
"67","2020-05-25",51,1383,49.1428571428571,1420.14285714286
"68","2020-05-26",35,1418,46.5714285714286,1466.71428571429
"69","2020-05-27",36,1454,45.7142857142857,1512.42857142857
"70","2020-05-28",30,1484,43.8571428571429,1556.28571428571
"71","2020-05-29",54,1538,43.4285714285714,1599.71428571429
"72","2020-05-30",18,1556,40.2857142857143,1640
"73","2020-05-31",24,1580,37.8571428571429,1677.85714285714
"74","2020-06-01",46,1626,42,1719.85714285714
"75","2020-06-02",41,1667,40.5714285714286,1760.42857142857
"76","2020-06-03",23,1690,38.8571428571429,1799.28571428571
"77","2020-06-04",29,1719,37.8571428571429,1837.14285714286
"78","2020-06-05",34,1753,38.4285714285714,1875.57142857143
"79","2020-06-06",13,1766,32.5714285714286,1908.14285714286
"80","2020-06-07",11,1777,31.5714285714286,1939.71428571429
"81","2020-06-08",39,1816,33.7142857142857,1973.42857142857
"82","2020-06-09",26,1842,30.8571428571429,2004.28571428571
"83","2020-06-10",30,1872,29.2857142857143,2033.57142857143
"84","2020-06-11",23,1895,29.2857142857143,2062.85714285714
"85","2020-06-12",29,1924,29.2857142857143,2092.14285714286
"86","2020-06-13",15,1939,26.5714285714286,2118.71428571429
"87","2020-06-14",8,1947,25.8571428571429,2144.57142857143
"88","2020-06-15",25,1972,27.8571428571429,2172.42857142857
"89","2020-06-16",28,2000,26.2857142857143,2198.71428571429
"90","2020-06-17",22,2022,25.7142857142857,2224.42857142857
"91","2020-06-18",18,2040,24,2248.42857142857
"92","2020-06-19",18,2058,23.2857142857143,2271.71428571429
"93","2020-06-20",16,2074,21.4285714285714,2293.14285714286
"94","2020-06-21",13,2087,21.1428571428571,2314.28571428571
"95","2020-06-22",29,2116,24.1428571428571,2338.42857142857
"96","2020-06-23",16,2132,22.8571428571429,2361.28571428571
"97","2020-06-24",21,2153,21.8571428571429,2383.14285714286
"98","2020-06-25",16,2169,21,2404.14285714286
"99","2020-06-26",22,2191,21.5714285714286,2425.71428571429
"100","2020-06-27",15,2206,21.1428571428571,2446.85714285714
"101","2020-06-28",7,2213,19.8571428571429,2466.71428571429
"102","2020-06-29",33,2246,22.7142857142857,2489.42857142857
"103","2020-06-30",22,2268,21.7142857142857,2511.14285714286
"104","2020-07-01",28,2296,23.4285714285714,2534.57142857143
"105","2020-07-02",23,2319,23.7142857142857,2558.28571428571
"106","2020-07-03",21,2340,24.4285714285714,2582.71428571429
"107","2020-07-04",3,2343,21.7142857142857,2604.42857142857
"108","2020-07-05",9,2352,20.8571428571429,2625.28571428571
"109","2020-07-06",26,2378,23.5714285714286,2648.85714285714
"110","2020-07-07",7,2385,19.8571428571429,2668.71428571429
"111","2020-07-08",5,2390,17.4285714285714,2686.14285714286
