"","FECHA_INGRESO","RESULTADO","RESULTADO_ACUM","RESULTADO7D","RESULTADO_ACUM7D"
"1","2020-03-11",1,1,0,0
"2","2020-03-12",3,4,0,0
"3","2020-03-13",2,6,0,0
"4","2020-03-14",5,11,0,0
"5","2020-03-15",2,13,0,0
"6","2020-03-16",12,25,0,0
"7","2020-03-17",5,30,0,0
"8","2020-03-18",17,47,6.71428571428571,19.5714285714286
"9","2020-03-19",10,57,8,27.5714285714286
"10","2020-03-20",4,61,8.14285714285714,35.7142857142857
"11","2020-03-21",1,62,8,43.7142857142857
"12","2020-03-23",3,65,7.71428571428571,51.4285714285714
"13","2020-03-24",7,72,8.42857142857143,59.8571428571429
"14","2020-03-25",2,74,7,66.8571428571429
"15","2020-03-26",5,79,7,73.8571428571429
"16","2020-03-27",4,83,5.14285714285714,79
"17","2020-03-29",2,85,4,83
"18","2020-03-30",6,91,4.28571428571429,87.2857142857143
"19","2020-03-31",3,94,4.57142857142857,91.8571428571429
"20","2020-04-01",1,95,4.28571428571429,96.1428571428571
"21","2020-04-02",6,101,4.14285714285714,100.285714285714
"22","2020-04-03",4,105,4.42857142857143,104.714285714286
"23","2020-04-06",3,108,4.14285714285714,108.857142857143
"24","2020-04-07",2,110,3.85714285714286,112.714285714286
"25","2020-04-08",5,115,4.28571428571429,117
"26","2020-04-09",3,118,3.85714285714286,120.857142857143
"27","2020-04-10",3,121,3.85714285714286,124.714285714286
"28","2020-04-12",2,123,4,128.714285714286
"29","2020-04-13",5,128,3.85714285714286,132.571428571429
"30","2020-04-14",3,131,3.71428571428571,136.285714285714
"31","2020-04-15",5,136,4,140.285714285714
"32","2020-04-16",5,141,4.42857142857143,144.714285714286
"33","2020-04-17",6,147,4.57142857142857,149.285714285714
"34","2020-04-18",6,153,5,154.285714285714
"35","2020-04-19",1,154,4.71428571428571,159
"36","2020-04-20",2,156,4.71428571428571,163.714285714286
"37","2020-04-21",11,167,5.57142857142857,169.285714285714
"38","2020-04-22",17,184,7.57142857142857,176.857142857143
"39","2020-04-23",6,190,7.71428571428571,184.571428571429
"40","2020-04-24",22,212,10.1428571428571,194.714285714286
"41","2020-04-25",4,216,9.85714285714286,204.571428571429
"42","2020-04-26",6,222,9.85714285714286,214.428571428571
"43","2020-04-27",6,228,10.5714285714286,225
"44","2020-04-28",5,233,11,236
"45","2020-04-29",16,249,11.7142857142857,247.714285714286
"46","2020-04-30",14,263,11.2857142857143,259
"47","2020-05-01",9,272,11.7142857142857,270.714285714286
"48","2020-05-02",20,292,11.4285714285714,282.142857142857
"49","2020-05-03",9,301,12.1428571428571,294.285714285714
"50","2020-05-04",19,320,14,308.285714285714
"51","2020-05-05",10,330,14.5714285714286,322.857142857143
"52","2020-05-06",16,346,16.1428571428571,339
"53","2020-05-07",31,377,18.2857142857143,357.285714285714
"54","2020-05-08",16,393,18.5714285714286,375.857142857143
"55","2020-05-09",14,407,19.2857142857143,395.142857142857
"56","2020-05-10",17,424,18.8571428571429,414
"57","2020-05-11",25,449,21.1428571428571,435.142857142857
"58","2020-05-12",22,471,21.5714285714286,456.714285714286
"59","2020-05-13",20,491,23,479.714285714286
"60","2020-05-14",34,525,25.5714285714286,505.285714285714
"61","2020-05-15",42,567,27.1428571428571,532.428571428571
"62","2020-05-16",12,579,26.5714285714286,559
"63","2020-05-17",23,602,27.8571428571429,586.857142857143
"64","2020-05-18",36,638,30.5714285714286,617.428571428571
"65","2020-05-19",35,673,32,649.428571428571
"66","2020-05-20",37,710,34.1428571428571,683.571428571429
"67","2020-05-21",36,746,36.4285714285714,720
"68","2020-05-22",50,796,38.7142857142857,758.714285714286
"69","2020-05-23",25,821,36.2857142857143,795
"70","2020-05-24",28,849,38.5714285714286,833.571428571429
"71","2020-05-25",73,922,45.7142857142857,879.285714285714
"72","2020-05-26",78,1000,51.7142857142857,931
"73","2020-05-27",91,1091,59.7142857142857,990.714285714286
"74","2020-05-28",75,1166,65.1428571428571,1055.85714285714
"75","2020-05-29",112,1278,76,1131.85714285714
"76","2020-05-30",92,1370,82,1213.85714285714
"77","2020-05-31",49,1419,85.4285714285714,1299.28571428571
"78","2020-06-01",150,1569,102.857142857143,1402.14285714286
"79","2020-06-02",111,1680,108.285714285714,1510.42857142857
"80","2020-06-03",147,1827,118.142857142857,1628.57142857143
"81","2020-06-04",119,1946,122.142857142857,1750.71428571429
"82","2020-06-05",149,2095,132.714285714286,1883.42857142857
"83","2020-06-06",70,2165,126.714285714286,2010.14285714286
"84","2020-06-07",44,2209,119.857142857143,2130
"85","2020-06-08",167,2376,136.714285714286,2266.71428571429
"86","2020-06-09",155,2531,137.428571428571,2404.14285714286
"87","2020-06-10",156,2687,143.857142857143,2548
"88","2020-06-11",149,2836,144.142857142857,2692.14285714286
"89","2020-06-12",112,2948,143.142857142857,2835.28571428571
"90","2020-06-13",78,3026,133,2968.28571428571
"91","2020-06-14",54,3080,130.714285714286,3099
"92","2020-06-15",155,3235,146.571428571429,3245.57142857143
"93","2020-06-16",142,3377,143,3388.57142857143
"94","2020-06-17",135,3512,140.142857142857,3528.71428571429
"95","2020-06-18",156,3668,140.142857142857,3668.85714285714
"96","2020-06-19",140,3808,138.857142857143,3807.71428571429
"97","2020-06-20",90,3898,135.714285714286,3943.42857142857
"98","2020-06-21",56,3954,132.571428571429,4076
"99","2020-06-22",139,4093,144.714285714286,4220.71428571429
"100","2020-06-23",158,4251,145.142857142857,4365.85714285714
"101","2020-06-24",136,4387,144.285714285714,4510.14285714286
"102","2020-06-25",115,4502,141.428571428571,4651.57142857143
"103","2020-06-26",140,4642,139.142857142857,4790.71428571429
"104","2020-06-27",101,4743,133.571428571429,4924.28571428571
"105","2020-06-28",76,4819,131.571428571429,5055.85714285714
"106","2020-06-29",127,4946,141.714285714286,5197.57142857143
"107","2020-06-30",162,5108,145,5342.57142857143
"108","2020-07-01",116,5224,139,5481.57142857143
"109","2020-07-02",120,5344,136.714285714286,5618.28571428571
"110","2020-07-03",137,5481,139.857142857143,5758.14285714286
"111","2020-07-04",88,5569,132.428571428571,5890.57142857143
"112","2020-07-05",60,5629,126.571428571429,6017.14285714286
"113","2020-07-06",147,5776,136.714285714286,6153.85714285714
"114","2020-07-07",159,5935,141.285714285714,6295.14285714286
"115","2020-07-08",117,6052,134.857142857143,6430
"116","2020-07-09",126,6178,136.285714285714,6566.28571428571
"117","2020-07-10",105,6283,134.142857142857,6700.42857142857
"118","2020-07-11",48,6331,121.428571428571,6821.85714285714
"119","2020-07-12",34,6365,113.714285714286,6935.57142857143
"120","2020-07-13",25,6390,108.714285714286,7044.28571428571
"121","2020-07-14",1,6391,87.8571428571429,7132.14285714286
