"","FECHA_INGRESO","RESULTADO","RESULTADO_ACUM","RESULTADO7D","RESULTADO_ACUM7D"
"1","2020-01-28",1,1,0,0
"2","2020-02-28",1,2,0,0
"3","2020-03-11",1,3,0,0
"4","2020-03-17",2,5,0,0
"5","2020-03-19",3,8,0,0
"6","2020-03-20",1,9,0,0
"7","2020-03-21",1,10,0,0
"8","2020-03-24",2,12,1.71428571428571,7.14285714285714
"9","2020-03-25",1,13,1.71428571428571,8.85714285714286
"10","2020-03-27",1,14,1.71428571428571,10.5714285714286
"11","2020-03-30",2,16,1.85714285714286,12.4285714285714
"12","2020-03-31",1,17,1.71428571428571,14.1428571428571
"13","2020-04-01",2,19,1.57142857142857,15.7142857142857
"14","2020-04-02",2,21,1.71428571428571,17.4285714285714
"15","2020-04-03",2,23,1.85714285714286,19.2857142857143
"16","2020-04-06",2,25,1.85714285714286,21.1428571428571
"17","2020-04-07",1,26,1.85714285714286,23
"18","2020-04-08",2,28,2,25
"19","2020-04-11",1,29,1.85714285714286,26.8571428571429
"20","2020-04-13",3,32,2.14285714285714,29
"21","2020-04-14",4,36,2.42857142857143,31.4285714285714
"22","2020-04-15",3,39,2.57142857142857,34
"23","2020-04-17",2,41,2.57142857142857,36.5714285714286
"24","2020-04-19",2,43,2.57142857142857,39.1428571428571
"25","2020-04-21",5,48,3.14285714285714,42.2857142857143
"26","2020-04-22",3,51,3.28571428571429,45.5714285714286
"27","2020-04-23",2,53,3.42857142857143,49
"28","2020-04-24",2,55,3.28571428571429,52.2857142857143
"29","2020-04-25",1,56,2.85714285714286,55.1428571428571
"30","2020-04-26",2,58,2.71428571428571,57.8571428571429
"31","2020-04-27",8,66,3.57142857142857,61.4285714285714
"32","2020-04-28",5,71,4,65.4285714285714
"33","2020-04-29",3,74,3.71428571428571,69.1428571428571
"34","2020-04-30",3,77,3.71428571428571,72.8571428571429
"35","2020-05-01",8,85,4.57142857142857,77.4285714285714
"36","2020-05-02",2,87,4.57142857142857,82
"37","2020-05-03",2,89,4.71428571428571,86.7142857142857
"38","2020-05-04",6,95,5.28571428571429,92
"39","2020-05-05",14,109,6.14285714285714,98.1428571428571
"40","2020-05-06",11,120,7,105.142857142857
"41","2020-05-07",13,133,8.42857142857143,113.571428571429
"42","2020-05-08",14,147,10,123.571428571429
"43","2020-05-09",5,152,9.57142857142857,133.142857142857
"44","2020-05-10",4,156,9.85714285714286,143
"45","2020-05-11",11,167,11.1428571428571,154.142857142857
"46","2020-05-12",17,184,12.7142857142857,166.857142857143
"47","2020-05-13",13,197,12.5714285714286,179.428571428571
"48","2020-05-14",30,227,15.2857142857143,194.714285714286
"49","2020-05-15",31,258,17.8571428571429,212.571428571429
"50","2020-05-16",16,274,18.1428571428571,230.714285714286
"51","2020-05-17",10,284,18.8571428571429,249.571428571429
"52","2020-05-18",31,315,22.7142857142857,272.285714285714
"53","2020-05-19",32,347,25.7142857142857,298
"54","2020-05-20",38,385,28.7142857142857,326.714285714286
"55","2020-05-21",43,428,33,359.714285714286
"56","2020-05-22",28,456,32.7142857142857,392.428571428571
"57","2020-05-23",28,484,32.2857142857143,424.714285714286
"58","2020-05-24",19,503,32.7142857142857,457.428571428571
"59","2020-05-25",38,541,36.7142857142857,494.142857142857
"60","2020-05-26",25,566,35.8571428571429,530
"61","2020-05-27",33,599,36,566
"62","2020-05-28",25,624,34.1428571428571,600.142857142857
"63","2020-05-29",60,684,36.5714285714286,636.714285714286
"64","2020-05-30",35,719,37.5714285714286,674.285714285714
"65","2020-05-31",24,743,37,711.285714285714
"66","2020-06-01",74,817,44.8571428571429,756.142857142857
"67","2020-06-02",43,860,45.5714285714286,801.714285714286
"68","2020-06-03",51,911,49.2857142857143,851
"69","2020-06-04",43,954,50.7142857142857,901.714285714286
"70","2020-06-05",70,1024,57.1428571428571,958.857142857143
"71","2020-06-06",34,1058,53.4285714285714,1012.28571428571
"72","2020-06-07",29,1087,52.5714285714286,1064.85714285714
"73","2020-06-08",96,1183,62.8571428571429,1127.71428571429
"74","2020-06-09",83,1266,64.1428571428571,1191.85714285714
"75","2020-06-10",70,1336,68,1259.85714285714
"76","2020-06-11",73,1409,71.1428571428571,1331
"77","2020-06-12",78,1487,76.1428571428571,1407.14285714286
"78","2020-06-13",25,1512,69.7142857142857,1476.85714285714
"79","2020-06-14",35,1547,69.8571428571429,1546.71428571429
"80","2020-06-15",92,1639,78.8571428571429,1625.57142857143
"81","2020-06-16",106,1745,80.2857142857143,1705.85714285714
"82","2020-06-17",121,1866,85.7142857142857,1791.57142857143
"83","2020-06-18",115,1981,92.1428571428571,1883.71428571429
"84","2020-06-19",107,2088,97,1980.71428571429
"85","2020-06-20",50,2138,93,2073.71428571429
"86","2020-06-21",40,2178,95.1428571428571,2168.85714285714
"87","2020-06-22",132,2310,109,2277.85714285714
"88","2020-06-23",170,2480,120.142857142857,2398
"89","2020-06-24",144,2624,125.571428571429,2523.57142857143
"90","2020-06-25",92,2716,121.428571428571,2645
"91","2020-06-26",101,2817,119.428571428571,2764.42857142857
"92","2020-06-27",65,2882,113.428571428571,2877.85714285714
"93","2020-06-28",56,2938,114.285714285714,2992.14285714286
"94","2020-06-29",110,3048,124.285714285714,3116.42857142857
"95","2020-06-30",128,3176,123.714285714286,3240.14285714286
"96","2020-07-01",162,3338,122.571428571429,3362.71428571429
"97","2020-07-02",104,3442,116.857142857143,3479.57142857143
"98","2020-07-03",101,3543,118.142857142857,3597.71428571429
"99","2020-07-04",43,3586,109.857142857143,3707.57142857143
"100","2020-07-05",33,3619,105.285714285714,3812.85714285714
"101","2020-07-06",78,3697,108.428571428571,3921.28571428571
"102","2020-07-07",89,3786,105.428571428571,4026.71428571429
"103","2020-07-08",58,3844,95.4285714285714,4122.14285714286
"104","2020-07-09",65,3909,81.5714285714286,4203.71428571429
"105","2020-07-10",36,3945,71.8571428571429,4275.57142857143
"106","2020-07-11",1,3946,57.5714285714286,4333.14285714286
