"","FECHA_INGRESO","RESULTADO","RESULTADO_ACUM","RESULTADO7D","RESULTADO_ACUM7D"
"1","2020-03-11",1,1,0,0
"2","2020-03-16",1,2,0,0
"3","2020-03-18",3,5,0,0
"4","2020-03-19",1,6,0,0
"5","2020-03-20",2,8,0,0
"6","2020-03-21",2,10,0,0
"7","2020-03-22",2,12,0,0
"8","2020-03-23",6,18,2.57142857142857,8.85714285714286
"9","2020-03-24",4,22,3,11.8571428571429
"10","2020-03-25",2,24,3.14285714285714,15
"11","2020-03-26",4,28,3.28571428571429,18.2857142857143
"12","2020-03-27",5,33,3.85714285714286,22.1428571428571
"13","2020-03-28",2,35,3.85714285714286,26
"14","2020-03-29",6,41,4.42857142857143,30.4285714285714
"15","2020-03-30",9,50,5.42857142857143,35.8571428571429
"16","2020-03-31",15,65,6.71428571428571,42.5714285714286
"17","2020-04-01",21,86,9.14285714285714,51.7142857142857
"18","2020-04-02",11,97,10.4285714285714,62.1428571428571
"19","2020-04-03",11,108,11.4285714285714,73.5714285714286
"20","2020-04-04",2,110,11,84.5714285714286
"21","2020-04-05",3,113,11.1428571428571,95.7142857142857
"22","2020-04-06",21,134,13.2857142857143,109
"23","2020-04-07",16,150,14.2857142857143,123.285714285714
"24","2020-04-08",24,174,15.5714285714286,138.857142857143
"25","2020-04-09",15,189,14.7142857142857,153.571428571429
"26","2020-04-10",23,212,16.4285714285714,170
"27","2020-04-11",18,230,17.4285714285714,187.428571428571
"28","2020-04-12",22,252,20.2857142857143,207.714285714286
"29","2020-04-13",33,285,24.5714285714286,232.285714285714
"30","2020-04-14",43,328,27.7142857142857,260
"31","2020-04-15",38,366,30.8571428571429,290.857142857143
"32","2020-04-16",26,392,31.1428571428571,322
"33","2020-04-17",50,442,36.1428571428571,358.142857142857
"34","2020-04-18",17,459,35.2857142857143,393.428571428571
"35","2020-04-19",14,473,34.7142857142857,428.142857142857
"36","2020-04-20",34,507,36.4285714285714,464.571428571429
"37","2020-04-21",44,551,38,502.571428571429
"38","2020-04-22",29,580,36,538.571428571429
"39","2020-04-23",49,629,37.5714285714286,576.142857142857
"40","2020-04-24",32,661,38.4285714285714,614.571428571429
"41","2020-04-25",16,677,33.5714285714286,648.142857142857
"42","2020-04-26",18,695,33.7142857142857,681.857142857143
"43","2020-04-27",42,737,37.7142857142857,719.571428571429
"44","2020-04-28",26,763,36.5714285714286,756.142857142857
"45","2020-04-29",51,814,37.5714285714286,793.714285714286
"46","2020-04-30",37,851,38.7142857142857,832.428571428571
"47","2020-05-01",35,886,36.7142857142857,869.142857142857
"48","2020-05-02",28,914,36.1428571428571,905.285714285714
"49","2020-05-03",48,962,40.7142857142857,946
"50","2020-05-04",58,1020,46.4285714285714,992.428571428571
"51","2020-05-05",64,1084,49.5714285714286,1042
"52","2020-05-06",58,1142,54.1428571428571,1096.14285714286
"53","2020-05-07",67,1209,56.4285714285714,1152.57142857143
"54","2020-05-08",77,1286,62.1428571428571,1214.71428571429
"55","2020-05-09",42,1328,63.1428571428571,1277.85714285714
"56","2020-05-10",40,1368,64.8571428571429,1342.71428571429
"57","2020-05-11",74,1442,68.5714285714286,1411.28571428571
"58","2020-05-12",82,1524,72,1483.28571428571
"59","2020-05-13",70,1594,72.8571428571429,1556.14285714286
"60","2020-05-14",60,1654,73.1428571428571,1629.28571428571
"61","2020-05-15",91,1745,76.5714285714286,1705.85714285714
"62","2020-05-16",41,1786,71.4285714285714,1777.28571428571
"63","2020-05-17",36,1822,70.5714285714286,1847.85714285714
"64","2020-05-18",152,1974,86.5714285714286,1934.42857142857
"65","2020-05-19",111,2085,91.8571428571429,2026.28571428571
"66","2020-05-20",118,2203,97,2123.28571428571
"67","2020-05-21",169,2372,111.142857142857,2234.42857142857
"68","2020-05-22",147,2519,123.571428571429,2358
"69","2020-05-23",43,2562,116.714285714286,2474.71428571429
"70","2020-05-24",54,2616,118.571428571429,2593.28571428571
"71","2020-05-25",89,2705,126.142857142857,2719.42857142857
"72","2020-05-26",95,2800,118,2837.42857142857
"73","2020-05-27",84,2884,114.142857142857,2951.57142857143
"74","2020-05-28",79,2963,108.571428571429,3060.14285714286
"75","2020-05-29",77,3040,95.4285714285714,3155.57142857143
"76","2020-05-30",51,3091,81.7142857142857,3237.28571428571
"77","2020-05-31",48,3139,82.4285714285714,3319.71428571429
"78","2020-06-01",114,3253,91,3410.71428571429
"79","2020-06-02",117,3370,95,3505.71428571429
"80","2020-06-03",107,3477,96.7142857142857,3602.42857142857
"81","2020-06-04",101,3578,99.1428571428571,3701.57142857143
"82","2020-06-05",107,3685,103.142857142857,3804.71428571429
"83","2020-06-06",72,3757,102.428571428571,3907.14285714286
"84","2020-06-07",44,3801,101.428571428571,4008.57142857143
"85","2020-06-08",106,3907,109.714285714286,4118.28571428571
"86","2020-06-09",102,4009,108,4226.28571428571
"87","2020-06-10",101,4110,105.714285714286,4332
"88","2020-06-11",103,4213,105.142857142857,4437.14285714286
"89","2020-06-12",66,4279,100.142857142857,4537.28571428571
"90","2020-06-13",56,4335,92.8571428571429,4630.14285714286
"91","2020-06-14",64,4399,91.7142857142857,4721.85714285714
"92","2020-06-15",86,4485,97.7142857142857,4819.57142857143
"93","2020-06-16",102,4587,97.1428571428571,4916.71428571429
"94","2020-06-17",76,4663,93.4285714285714,5010.14285714286
"95","2020-06-18",91,4754,92,5102.14285714286
"96","2020-06-19",81,4835,88.8571428571429,5191
"97","2020-06-20",57,4892,87.5714285714286,5278.57142857143
"98","2020-06-21",31,4923,84,5362.57142857143
"99","2020-06-22",96,5019,88.5714285714286,5451.14285714286
"100","2020-06-23",96,5115,90,5541.14285714286
"101","2020-06-24",88,5203,88,5629.14285714286
"102","2020-06-25",90,5293,90,5719.14285714286
"103","2020-06-26",78,5371,88.1428571428571,5807.28571428571
"104","2020-06-27",57,5428,84.7142857142857,5892
"105","2020-06-28",28,5456,80.5714285714286,5972.57142857143
"106","2020-06-29",101,5557,90.5714285714286,6063.14285714286
"107","2020-06-30",95,5652,90.4285714285714,6153.57142857143
"108","2020-07-01",83,5735,88.5714285714286,6242.14285714286
"109","2020-07-02",62,5797,84.8571428571429,6327
"110","2020-07-03",36,5833,77.1428571428571,6404.14285714286
"111","2020-07-04",15,5848,68.1428571428571,6472.28571428571
"112","2020-07-05",14,5862,62,6534.28571428571
"113","2020-07-06",59,5921,66.4285714285714,6600.71428571429
"114","2020-07-07",48,5969,58.8571428571429,6659.57142857143
"115","2020-07-08",30,5999,49.5714285714286,6709.14285714286
"116","2020-07-09",33,6032,42.4285714285714,6751.57142857143
"117","2020-07-10",21,6053,36.5714285714286,6788.14285714286
