"","FECHA_INGRESO","RESULTADO","RESULTADO_ACUM","RESULTADO7D","RESULTADO_ACUM7D"
"1","2020-02-12",1,1,0,0
"2","2020-03-17",3,4,0,0
"3","2020-03-18",1,5,0,0
"4","2020-03-19",2,7,0,0
"5","2020-03-20",4,11,0,0
"6","2020-03-21",1,12,0,0
"7","2020-03-23",2,14,0,0
"8","2020-03-24",5,19,2.71428571428571,10.4285714285714
"9","2020-03-25",5,24,3.28571428571429,13.7142857142857
"10","2020-03-26",7,31,3.85714285714286,17.5714285714286
"11","2020-03-27",9,40,5,22.5714285714286
"12","2020-03-28",5,45,5.42857142857143,28
"13","2020-03-29",15,60,7,35
"14","2020-03-30",18,78,9.42857142857143,44.4285714285714
"15","2020-03-31",29,107,13.2857142857143,57.7142857142857
"16","2020-04-01",40,147,18.2857142857143,76
"17","2020-04-02",17,164,20,96
"18","2020-04-03",24,188,22.4285714285714,118.428571428571
"19","2020-04-04",22,210,24.2857142857143,142.714285714286
"20","2020-04-05",15,225,25.7142857142857,168.428571428571
"21","2020-04-06",42,267,29.5714285714286,198
"22","2020-04-07",22,289,30.1428571428571,228.142857142857
"23","2020-04-08",33,322,30.7142857142857,258.857142857143
"24","2020-04-09",39,361,30.5714285714286,289.428571428571
"25","2020-04-10",22,383,31.2857142857143,320.714285714286
"26","2020-04-11",12,395,29.5714285714286,350.285714285714
"27","2020-04-12",21,416,29.4285714285714,379.714285714286
"28","2020-04-13",43,459,33.4285714285714,413.142857142857
"29","2020-04-14",51,510,34.7142857142857,447.857142857143
"30","2020-04-15",55,565,39.4285714285714,487.285714285714
"31","2020-04-16",51,616,42,529.285714285714
"32","2020-04-17",43,659,42.5714285714286,571.857142857143
"33","2020-04-18",26,685,43.1428571428571,615
"34","2020-04-19",24,709,44.8571428571429,659.857142857143
"35","2020-04-20",64,773,51,710.857142857143
"36","2020-04-21",54,827,52.5714285714286,763.428571428571
"37","2020-04-22",59,886,53.7142857142857,817.142857142857
"38","2020-04-23",45,931,52.2857142857143,869.428571428571
"39","2020-04-24",47,978,51.7142857142857,921.142857142857
"40","2020-04-25",25,1003,49.1428571428571,970.285714285714
"41","2020-04-26",37,1040,50.7142857142857,1021
"42","2020-04-27",54,1094,55,1076
"43","2020-04-28",52,1146,53.2857142857143,1129.28571428571
"44","2020-04-29",49,1195,52.5714285714286,1181.85714285714
"45","2020-04-30",42,1237,50.1428571428571,1232
"46","2020-05-01",47,1284,50.4285714285714,1282.42857142857
"47","2020-05-02",40,1324,49.4285714285714,1331.85714285714
"48","2020-05-03",35,1359,50.8571428571429,1382.71428571429
"49","2020-05-04",63,1422,54.5714285714286,1437.28571428571
"50","2020-05-05",56,1478,54.8571428571429,1492.14285714286
"51","2020-05-06",44,1522,53.7142857142857,1545.85714285714
"52","2020-05-07",41,1563,52.5714285714286,1598.42857142857
"53","2020-05-08",48,1611,53.4285714285714,1651.85714285714
"54","2020-05-09",26,1637,50.4285714285714,1702.28571428571
"55","2020-05-10",20,1657,47.5714285714286,1749.85714285714
"56","2020-05-11",44,1701,48.8571428571429,1798.71428571429
"57","2020-05-12",32,1733,44.4285714285714,1843.14285714286
"58","2020-05-13",50,1783,43.5714285714286,1886.71428571429
"59","2020-05-14",41,1824,43.1428571428571,1929.85714285714
"60","2020-05-15",38,1862,42.7142857142857,1972.57142857143
"61","2020-05-16",20,1882,38.7142857142857,2011.28571428571
"62","2020-05-17",29,1911,39.1428571428571,2050.42857142857
"63","2020-05-18",47,1958,43,2093.42857142857
"64","2020-05-19",40,1998,42.4285714285714,2135.85714285714
"65","2020-05-20",39,2037,43.4285714285714,2179.28571428571
"66","2020-05-21",49,2086,43.2857142857143,2222.57142857143
"67","2020-05-22",30,2116,41.7142857142857,2264.28571428571
"68","2020-05-23",12,2128,38,2302.28571428571
"69","2020-05-24",18,2146,37.7142857142857,2340
"70","2020-05-25",32,2178,38.1428571428571,2378.14285714286
"71","2020-05-26",30,2208,35.7142857142857,2413.85714285714
"72","2020-05-27",31,2239,34.4285714285714,2448.28571428571
"73","2020-05-28",19,2258,31.5714285714286,2479.85714285714
"74","2020-05-29",22,2280,27.7142857142857,2507.57142857143
"75","2020-05-30",19,2299,26.1428571428571,2533.71428571429
"76","2020-05-31",15,2314,26.5714285714286,2560.28571428571
"77","2020-06-01",18,2332,26.5714285714286,2586.85714285714
"78","2020-06-02",34,2366,26.8571428571429,2613.71428571429
"79","2020-06-03",18,2384,25.1428571428571,2638.85714285714
"80","2020-06-04",22,2406,23.8571428571429,2662.71428571429
"81","2020-06-05",26,2432,24.8571428571429,2687.57142857143
"82","2020-06-06",13,2445,23.5714285714286,2711.14285714286
"83","2020-06-07",12,2457,22.5714285714286,2733.71428571429
"84","2020-06-08",21,2478,23.4285714285714,2757.14285714286
"85","2020-06-09",22,2500,24,2781.14285714286
"86","2020-06-10",16,2516,21.4285714285714,2802.57142857143
"87","2020-06-11",23,2539,22.1428571428571,2824.71428571429
"88","2020-06-12",15,2554,21.1428571428571,2845.85714285714
"89","2020-06-13",6,2560,18.2857142857143,2864.14285714286
"90","2020-06-14",11,2571,18,2882.14285714286
"91","2020-06-15",42,2613,22.2857142857143,2904.42857142857
"92","2020-06-16",45,2658,25.7142857142857,2930.14285714286
"93","2020-06-17",28,2686,26.5714285714286,2956.71428571429
"94","2020-06-18",16,2702,26.5714285714286,2983.28571428571
"95","2020-06-19",37,2739,28.5714285714286,3011.85714285714
"96","2020-06-20",11,2750,28,3039.85714285714
"97","2020-06-21",10,2760,28.5714285714286,3068.42857142857
"98","2020-06-22",54,2814,34.7142857142857,3103.14285714286
"99","2020-06-23",35,2849,33.7142857142857,3136.85714285714
"100","2020-06-24",36,2885,32.4285714285714,3169.28571428571
"101","2020-06-25",28,2913,32.4285714285714,3201.71428571429
"102","2020-06-26",38,2951,35.5714285714286,3237.28571428571
"103","2020-06-27",27,2978,34.1428571428571,3271.42857142857
"104","2020-06-28",11,2989,34.1428571428571,3305.57142857143
"105","2020-06-29",45,3034,39.1428571428571,3344.71428571429
"106","2020-06-30",31,3065,35.8571428571429,3380.57142857143
"107","2020-07-01",35,3100,35.8571428571429,3416.42857142857
"108","2020-07-02",12,3112,32.4285714285714,3448.85714285714
"109","2020-07-03",9,3121,29.7142857142857,3478.57142857143
"110","2020-07-04",5,3126,25,3503.57142857143
"111","2020-07-05",7,3133,22.1428571428571,3525.71428571429
"112","2020-07-06",11,3144,22.1428571428571,3547.85714285714
"113","2020-07-07",14,3158,17.7142857142857,3565.57142857143
"114","2020-07-08",6,3164,14.1428571428571,3579.71428571429
"115","2020-07-09",7,3171,10.1428571428571,3589.85714285714
